# Atmosphere temperatures 
# Temperature in K
# Altitude in km
# Neutral T
# Electron T
# Ion T
6.000000000e+02	8.061087646e+02	1.932511943e+03	1.320546753e+03
5.981871170e+02	8.061087646e+02	1.937036962e+03	1.320546753e+03
5.963788051e+02	8.061087036e+02	1.941561126e+03	1.320546753e+03
5.945750527e+02	8.061086426e+02	1.946084410e+03	1.320546753e+03
5.927758484e+02	8.061086426e+02	1.950606787e+03	1.320546753e+03
5.909811807e+02	8.061085815e+02	1.955128231e+03	1.320546753e+03
5.891910381e+02	8.061085205e+02	1.959648715e+03	1.320546753e+03
5.874054093e+02	8.061084595e+02	1.964168213e+03	1.320546753e+03
5.856242828e+02	8.061084595e+02	1.968686699e+03	1.320546753e+03
5.838476474e+02	8.061083984e+02	1.973204148e+03	1.320546753e+03
5.820754916e+02	8.061083374e+02	1.977720533e+03	1.320546753e+03
5.803078042e+02	8.061082764e+02	1.982235828e+03	1.320546753e+03
5.785445740e+02	8.061082153e+02	1.987219600e+03	1.320546753e+03
5.767857896e+02	8.061081543e+02	1.992824128e+03	1.320546753e+03
5.750314399e+02	8.061080933e+02	1.998430271e+03	1.320546753e+03
5.732815137e+02	8.061080322e+02	2.004037990e+03	1.320546753e+03
5.715359998e+02	8.061079102e+02	2.009647245e+03	1.320546753e+03
5.697948871e+02	8.061078491e+02	2.015257998e+03	1.320546753e+03
5.680581646e+02	8.061077881e+02	2.021283926e+03	1.320546742e+03
5.663258210e+02	8.061077271e+02	2.027657156e+03	1.320546721e+03
5.645978455e+02	8.061076050e+02	2.034034335e+03	1.320546701e+03
5.628742270e+02	8.061075439e+02	2.040415416e+03	1.320546680e+03
5.611549545e+02	8.061074219e+02	2.046800350e+03	1.320546660e+03
5.594400171e+02	8.061073608e+02	2.053189089e+03	1.320546640e+03
5.577294037e+02	8.061072388e+02	2.059846719e+03	1.320546631e+03
5.560231036e+02	8.061071167e+02	2.066707551e+03	1.320546631e+03
5.543211058e+02	8.061069946e+02	2.073573848e+03	1.320546631e+03
5.526233995e+02	8.061069336e+02	2.080445558e+03	1.320546631e+03
5.509299738e+02	8.061068115e+02	2.087322628e+03	1.320546631e+03
5.492408181e+02	8.061066284e+02	2.094205005e+03	1.320546631e+03
5.475559214e+02	8.061065063e+02	2.101214665e+03	1.320546611e+03
5.458752731e+02	8.061063843e+02	2.108348831e+03	1.320546571e+03
5.441988625e+02	8.061062622e+02	2.115489139e+03	1.320546531e+03
5.425266788e+02	8.061060791e+02	2.122635533e+03	1.320546491e+03
5.408587115e+02	8.061059570e+02	2.129787959e+03	1.320546452e+03
5.391949498e+02	8.061057739e+02	2.136946359e+03	1.320546412e+03
5.375353832e+02	8.061055908e+02	2.144141683e+03	1.320546332e+03
5.358800011e+02	8.061054688e+02	2.151401274e+03	1.320546175e+03
5.342287930e+02	8.061052856e+02	2.158667047e+03	1.320546018e+03
5.325817483e+02	8.061050415e+02	2.165938945e+03	1.320545862e+03
5.309388565e+02	8.061048584e+02	2.173216912e+03	1.320545706e+03
5.293001072e+02	8.061046753e+02	2.180500891e+03	1.320545551e+03
5.276654899e+02	8.061044312e+02	2.187790207e+03	1.320545377e+03
5.260349942e+02	8.061042480e+02	2.195079236e+03	1.320545009e+03
5.244086096e+02	8.061040039e+02	2.202374080e+03	1.320544643e+03
5.227863260e+02	8.061037598e+02	2.209674681e+03	1.320544278e+03
5.211681328e+02	8.061035156e+02	2.216980983e+03	1.320543913e+03
5.195540198e+02	8.061032104e+02	2.224292929e+03	1.320543550e+03
5.179439766e+02	8.061029663e+02	2.231610464e+03	1.320543187e+03
5.163379932e+02	8.061026611e+02	2.238886030e+03	1.320542337e+03
5.147360591e+02	8.061023560e+02	2.246149613e+03	1.320541311e+03
5.131381641e+02	8.061020508e+02	2.253418357e+03	1.320540289e+03
5.115442982e+02	8.061017456e+02	2.260692207e+03	1.320539268e+03
5.099544512e+02	8.061013794e+02	2.267971107e+03	1.320538251e+03
5.083686128e+02	8.061010742e+02	2.275255002e+03	1.320537236e+03
5.067867730e+02	8.061007080e+02	2.282517223e+03	1.320535727e+03
5.052089218e+02	8.061003418e+02	2.289713176e+03	1.320532903e+03
5.036350490e+02	8.060999146e+02	2.296913586e+03	1.320530086e+03
5.020651447e+02	8.060994873e+02	2.304118397e+03	1.320527276e+03
5.004991987e+02	8.060990601e+02	2.311327556e+03	1.320524473e+03
4.989372012e+02	8.060986328e+02	2.318541009e+03	1.320521677e+03
4.973791422e+02	8.060982056e+02	2.325758700e+03	1.320518888e+03
4.958250118e+02	8.060977173e+02	2.332898716e+03	1.320512602e+03
4.942748000e+02	8.060972290e+02	2.340008224e+03	1.320504865e+03
4.927284970e+02	8.060966797e+02	2.347121390e+03	1.320497149e+03
4.911860928e+02	8.060961304e+02	2.354238161e+03	1.320489451e+03
4.896475778e+02	8.060955811e+02	2.361358486e+03	1.320481774e+03
4.881129421e+02	8.060949707e+02	2.368482310e+03	1.320474115e+03
4.865821758e+02	8.060944214e+02	2.375606301e+03	1.320466119e+03
4.850552693e+02	8.060937500e+02	2.382610808e+03	1.320444815e+03
4.835322128e+02	8.060930786e+02	2.389618228e+03	1.320423565e+03
4.820129965e+02	8.060924072e+02	2.396628510e+03	1.320402368e+03
4.804976109e+02	8.060917358e+02	2.403641605e+03	1.320381226e+03
4.789860463e+02	8.060910034e+02	2.410657460e+03	1.320360137e+03
4.774782930e+02	8.060902100e+02	2.417676026e+03	1.320339102e+03
4.759743414e+02	8.060894165e+02	2.424666163e+03	1.320309492e+03
4.744741819e+02	8.060886230e+02	2.431556144e+03	1.320251549e+03
4.729778050e+02	8.060877686e+02	2.438448257e+03	1.320193756e+03
4.714852011e+02	8.060868530e+02	2.445342453e+03	1.320136110e+03
4.699963607e+02	8.060859375e+02	2.452238684e+03	1.320078612e+03
4.685112743e+02	8.060849609e+02	2.459136902e+03	1.320021262e+03
4.670299326e+02	8.060839844e+02	2.466037057e+03	1.319964059e+03
4.655523259e+02	8.060829468e+02	2.472892135e+03	1.319875660e+03
4.640784449e+02	8.060819092e+02	2.479649348e+03	1.319721237e+03
4.626082802e+02	8.060807495e+02	2.486407917e+03	1.319567222e+03
4.611418225e+02	8.060795898e+02	2.493167796e+03	1.319413613e+03
4.596790624e+02	8.060784302e+02	2.499928940e+03	1.319260409e+03
4.582199905e+02	8.060771484e+02	2.506691301e+03	1.319107609e+03
4.567645976e+02	8.060758667e+02	2.513454835e+03	1.318955212e+03
4.553128743e+02	8.060745239e+02	2.520168173e+03	1.318734595e+03
4.538648115e+02	8.060731201e+02	2.526754283e+03	1.318343701e+03
4.524204000e+02	8.060717163e+02	2.533340933e+03	1.317953908e+03
4.509796304e+02	8.060701904e+02	2.539928080e+03	1.317565213e+03
4.495424936e+02	8.060686646e+02	2.546515682e+03	1.317177613e+03
4.481089805e+02	8.060670166e+02	2.553103693e+03	1.316791103e+03
4.466790819e+02	8.060653687e+02	2.559692073e+03	1.316405680e+03
4.452527887e+02	8.060636597e+02	2.566247150e+03	1.315959269e+03
4.438300919e+02	8.060618286e+02	2.572565412e+03	1.315077978e+03
4.424109822e+02	8.060599976e+02	2.578883240e+03	1.314199496e+03
4.409954508e+02	8.060580444e+02	2.585200595e+03	1.313323814e+03
4.395834886e+02	8.060560303e+02	2.591517438e+03	1.312450922e+03
4.381750865e+02	8.060539551e+02	2.597833729e+03	1.311580808e+03
4.367702357e+02	8.060518188e+02	2.604149432e+03	1.310713463e+03
4.353689271e+02	8.060495605e+02	2.610464506e+03	1.309848876e+03
4.339711518e+02	8.060473022e+02	2.616355632e+03	1.308354455e+03
4.325769009e+02	8.060448608e+02	2.622158796e+03	1.306736909e+03
4.311861656e+02	8.060424194e+02	2.627960150e+03	1.305125433e+03
4.297989369e+02	8.060398560e+02	2.633759663e+03	1.303520001e+03
4.284152060e+02	8.060371704e+02	2.639557303e+03	1.301920583e+03
4.270349641e+02	8.060344238e+02	2.645353039e+03	1.300327154e+03
4.256582024e+02	8.060315552e+02	2.651146839e+03	1.298739686e+03
4.242849122e+02	8.060285645e+02	2.656512610e+03	1.296853631e+03
4.229150846e+02	8.060255127e+02	2.661236609e+03	1.294519926e+03
4.215487110e+02	8.060223389e+02	2.665957066e+03	1.292196290e+03
4.201857825e+02	8.060190430e+02	2.670673962e+03	1.289882667e+03
4.188262907e+02	8.060156250e+02	2.675387278e+03	1.287579005e+03
4.174702267e+02	8.060121460e+02	2.680096997e+03	1.285285250e+03
4.161175820e+02	8.060084839e+02	2.684803100e+03	1.283001349e+03
4.147683478e+02	8.060046997e+02	2.689505570e+03	1.280727251e+03
4.134225157e+02	8.060007935e+02	2.692513922e+03	1.278044666e+03
4.120800770e+02	8.059967041e+02	2.695165947e+03	1.275287594e+03
4.107410232e+02	8.059925537e+02	2.697813887e+03	1.272543400e+03
4.094053458e+02	8.059882202e+02	2.700457742e+03	1.269812008e+03
4.080730362e+02	8.059837036e+02	2.703097513e+03	1.267093343e+03
4.067440859e+02	8.059790649e+02	2.705733197e+03	1.264387332e+03
4.054184865e+02	8.059742432e+02	2.708364796e+03	1.261693901e+03
4.040962295e+02	8.059692993e+02	2.710676549e+03	1.258984410e+03
4.027773065e+02	8.059641724e+02	2.710361211e+03	1.256050819e+03
4.014617091e+02	8.059588013e+02	2.710046704e+03	1.253131436e+03
4.001494289e+02	8.059533081e+02	2.709733027e+03	1.250226173e+03
3.988404576e+02	8.059476318e+02	2.709420176e+03	1.247334946e+03
3.975347867e+02	8.059417725e+02	2.709108151e+03	1.244457670e+03
3.962324080e+02	8.059356689e+02	2.708796948e+03	1.241594260e+03
3.949333132e+02	8.059293823e+02	2.708486566e+03	1.238744635e+03
3.936374940e+02	8.059228516e+02	2.707529252e+03	1.235876131e+03
3.923449421e+02	8.059161377e+02	2.704455016e+03	1.232915029e+03
3.910556493e+02	8.059091797e+02	2.701392009e+03	1.229968461e+03
3.897696073e+02	8.059019775e+02	2.698340181e+03	1.227036339e+03
3.884868081e+02	8.058945312e+02	2.695299483e+03	1.224118573e+03
3.872072434e+02	8.058869019e+02	2.692269866e+03	1.221215075e+03
3.859309050e+02	8.058789673e+02	2.689251280e+03	1.218325760e+03
3.846577848e+02	8.058707275e+02	2.686243677e+03	1.215450540e+03
3.833878747e+02	8.058622437e+02	2.682899096e+03	1.212571818e+03
3.821211667e+02	8.058535156e+02	2.678182169e+03	1.209637495e+03
3.808576525e+02	8.058444824e+02	2.673485397e+03	1.206717645e+03
3.795973243e+02	8.058350830e+02	2.668808673e+03	1.203812178e+03
3.783401738e+02	8.058254395e+02	2.664151892e+03	1.200921007e+03
3.770861932e+02	8.058154907e+02	2.659514947e+03	1.198044043e+03
3.758353745e+02	8.058051758e+02	2.654897734e+03	1.195181199e+03
3.745877096e+02	8.057945557e+02	2.650300149e+03	1.192332389e+03
3.733431907e+02	8.057835693e+02	2.645721531e+03	1.189497482e+03
3.721018097e+02	8.057722168e+02	2.640319153e+03	1.186608604e+03
3.708635588e+02	8.057604980e+02	2.634941386e+03	1.183733999e+03
3.696284300e+02	8.057484131e+02	2.629588091e+03	1.180873580e+03
3.683964156e+02	8.057359619e+02	2.624259129e+03	1.178027260e+03
3.671675076e+02	8.057230835e+02	2.618954362e+03	1.175194951e+03
3.659416983e+02	8.057097778e+02	2.613673653e+03	1.172376567e+03
3.647189797e+02	8.056960449e+02	2.608416867e+03	1.169572024e+03
3.634993442e+02	8.056818848e+02	2.603183869e+03	1.166781235e+03
3.622827839e+02	8.056672363e+02	2.597727793e+03	1.163965793e+03
3.610692911e+02	8.056521606e+02	2.592151003e+03	1.161141566e+03
3.598588580e+02	8.056365967e+02	2.586600201e+03	1.158331288e+03
3.586514770e+02	8.056204834e+02	2.581075237e+03	1.155534871e+03
3.574471403e+02	8.056039429e+02	2.575575960e+03	1.152752231e+03
3.562458403e+02	8.055868530e+02	2.570102222e+03	1.149983283e+03
3.550475693e+02	8.055692139e+02	2.564653875e+03	1.147227942e+03
3.538523197e+02	8.055510254e+02	2.559230771e+03	1.144486126e+03
3.526600838e+02	8.055322266e+02	2.553817171e+03	1.141753418e+03
3.514708541e+02	8.055128784e+02	2.548233669e+03	1.138979951e+03
3.502846229e+02	8.054929810e+02	2.542676407e+03	1.136220188e+03
3.491013828e+02	8.054723511e+02	2.537145231e+03	1.133474046e+03
3.479211261e+02	8.054511719e+02	2.531639988e+03	1.130741440e+03
3.467438454e+02	8.054292603e+02	2.526160526e+03	1.128022287e+03
3.455695331e+02	8.054067383e+02	2.520706696e+03	1.125316505e+03
3.443981818e+02	8.053834839e+02	2.515278347e+03	1.122624011e+03
3.432297840e+02	8.053595581e+02	2.509875332e+03	1.119944724e+03
3.420643322e+02	8.053348389e+02	2.504448680e+03	1.117259440e+03
3.409018191e+02	8.053093872e+02	2.498949153e+03	1.114548869e+03
3.397422371e+02	8.052831421e+02	2.493475523e+03	1.111851684e+03
3.385855790e+02	8.052561035e+02	2.488027639e+03	1.109167802e+03
3.374318373e+02	8.052282715e+02	2.482605350e+03	1.106497141e+03
3.362810047e+02	8.051995850e+02	2.477208505e+03	1.103839621e+03
3.351330739e+02	8.051699829e+02	2.471836955e+03	1.101195160e+03
3.339880375e+02	8.051395264e+02	2.466490553e+03	1.098563678e+03
3.328458883e+02	8.051081543e+02	2.461169152e+03	1.095945096e+03
3.317066189e+02	8.050758057e+02	2.455812487e+03	1.093316894e+03
3.305702221e+02	8.050425415e+02	2.450387723e+03	1.090666810e+03
3.294366907e+02	8.050082397e+02	2.444988576e+03	1.088029807e+03
3.283060174e+02	8.049729004e+02	2.439614893e+03	1.085405805e+03
3.271781950e+02	8.049365845e+02	2.434266526e+03	1.082794723e+03
3.260532164e+02	8.048991089e+02	2.428943325e+03	1.080196483e+03
3.249310744e+02	8.048605347e+02	2.423645144e+03	1.077611005e+03
3.238117617e+02	8.048208618e+02	2.418371834e+03	1.075038211e+03
3.226952714e+02	8.047800293e+02	2.413123251e+03	1.072478024e+03
3.215815962e+02	8.047379150e+02	2.407809771e+03	1.069916359e+03
3.204707291e+02	8.046946411e+02	2.402246341e+03	1.067324207e+03
3.193626629e+02	8.046500854e+02	2.396709745e+03	1.064744847e+03
3.182573907e+02	8.046041870e+02	2.391199821e+03	1.062178201e+03
3.171549054e+02	8.045570068e+02	2.385716409e+03	1.059624190e+03
3.160551999e+02	8.045084229e+02	2.380259350e+03	1.057082736e+03
3.149582673e+02	8.044584351e+02	2.374828487e+03	1.054553764e+03
3.138641005e+02	8.044069824e+02	2.369423661e+03	1.052037195e+03
3.127726926e+02	8.043540649e+02	2.364044717e+03	1.049532955e+03
3.116840366e+02	8.042996216e+02	2.358691501e+03	1.047040967e+03
3.105981256e+02	8.042436523e+02	2.352029227e+03	1.044510856e+03
3.095149527e+02	8.041860352e+02	2.345225121e+03	1.041986524e+03
3.084345109e+02	8.041267700e+02	2.338457780e+03	1.039474636e+03
3.073567934e+02	8.040658569e+02	2.331726957e+03	1.036975113e+03
3.062817933e+02	8.040031738e+02	2.325032405e+03	1.034487880e+03
3.052095037e+02	8.039387207e+02	2.318373882e+03	1.032012862e+03
3.041399179e+02	8.038724365e+02	2.311751144e+03	1.029549984e+03
3.030730290e+02	8.038043213e+02	2.305163952e+03	1.027099171e+03
3.020088301e+02	8.037342529e+02	2.298612069e+03	1.024660350e+03
3.009473146e+02	8.036622314e+02	2.291126080e+03	1.022216741e+03
2.998884756e+02	8.035881348e+02	2.281356301e+03	1.019744925e+03
2.988323065e+02	8.035120239e+02	2.271652660e+03	1.017285296e+03
2.977788003e+02	8.034337769e+02	2.262014604e+03	1.014837779e+03
2.967279506e+02	8.033533936e+02	2.252441587e+03	1.012402300e+03
2.956797505e+02	8.032707520e+02	2.242933068e+03	1.009978784e+03
2.946341934e+02	8.031857910e+02	2.233488513e+03	1.007567159e+03
2.935912726e+02	8.030985107e+02	2.224107391e+03	1.005167351e+03
2.925509814e+02	8.030087891e+02	2.214789177e+03	1.002779289e+03
2.915133133e+02	8.029166870e+02	2.205533350e+03	1.000402900e+03
2.904782616e+02	8.028219604e+02	2.195290608e+03	9.980115993e+02
2.894458198e+02	8.027247314e+02	2.183925716e+03	9.956017210e+02
2.884159812e+02	8.026248169e+02	2.172648092e+03	9.932037162e+02
2.873887392e+02	8.025221558e+02	2.161456921e+03	9.908175118e+02
2.863640874e+02	8.024167480e+02	2.150351396e+03	9.884430354e+02
2.853420192e+02	8.023084717e+02	2.139330717e+03	9.860802150e+02
2.843225281e+02	8.021972656e+02	2.128394094e+03	9.837289792e+02
2.833056075e+02	8.020830688e+02	2.117540747e+03	9.813892570e+02
2.822912511e+02	8.019658203e+02	2.106769901e+03	9.790609782e+02
2.812794523e+02	8.018453979e+02	2.096080792e+03	9.767440727e+02
2.802702047e+02	8.017217407e+02	2.085101068e+03	9.744163797e+02
2.792635019e+02	8.015948486e+02	2.073625384e+03	9.720654387e+02
2.782593374e+02	8.014645386e+02	2.062241555e+03	9.697260761e+02
2.772577048e+02	8.013307495e+02	2.050948689e+03	9.673982207e+02
2.762585978e+02	8.011934204e+02	2.039745904e+03	9.650818018e+02
2.752620100e+02	8.010524902e+02	2.028632327e+03	9.627767493e+02
2.742679350e+02	8.009078369e+02	2.017607096e+03	9.604829936e+02
2.732763666e+02	8.007593994e+02	2.006669359e+03	9.582004655e+02
2.722872983e+02	8.006070557e+02	1.995818272e+03	9.559290965e+02
2.713007239e+02	8.004507446e+02	1.985053001e+03	9.536688185e+02
2.703166371e+02	8.002903442e+02	1.974339546e+03	9.514168238e+02
2.693350316e+02	8.001257324e+02	1.963059934e+03	9.491218877e+02
2.683559011e+02	7.999569092e+02	1.951872961e+03	9.468382529e+02
2.673792395e+02	7.997836914e+02	1.940777707e+03	9.445658500e+02
2.664050405e+02	7.996059570e+02	1.929773261e+03	9.423046099e+02
2.654332979e+02	7.994237061e+02	1.918858722e+03	9.400544643e+02
2.644640054e+02	7.992367554e+02	1.908033203e+03	9.378153451e+02
2.634971570e+02	7.990449829e+02	1.897295822e+03	9.355871850e+02
2.625327464e+02	7.988483276e+02	1.886645712e+03	9.333699169e+02
2.615707676e+02	7.986466675e+02	1.876082012e+03	9.311634745e+02
2.606112143e+02	7.984398193e+02	1.865603872e+03	9.289677917e+02
2.596540804e+02	7.982277832e+02	1.854922317e+03	9.267583864e+02
2.586993600e+02	7.980103760e+02	1.843950458e+03	9.245276287e+02
2.577470467e+02	7.977874146e+02	1.833070918e+03	9.223078450e+02
2.567971347e+02	7.975588989e+02	1.822282758e+03	9.200989679e+02
2.558496179e+02	7.973245850e+02	1.811585052e+03	9.179009305e+02
2.549044901e+02	7.970844116e+02	1.800976883e+03	9.157136665e+02
2.539617455e+02	7.968382568e+02	1.790457346e+03	9.135371098e+02
2.530213779e+02	7.965859985e+02	1.780025547e+03	9.113711951e+02
2.520833814e+02	7.963273926e+02	1.769680600e+03	9.092158575e+02
2.511477500e+02	7.960623779e+02	1.759421633e+03	9.070710323e+02
2.502144777e+02	7.957908325e+02	1.749247780e+03	9.049366558e+02
2.492835587e+02	7.955125732e+02	1.738799752e+03	9.027831983e+02
2.483549869e+02	7.952274170e+02	1.728112759e+03	9.006132534e+02
2.474287564e+02	7.949353027e+02	1.717518148e+03	8.984539758e+02
2.465048614e+02	7.946360474e+02	1.707014959e+03	8.963053002e+02
2.455832959e+02	7.943294067e+02	1.696602242e+03	8.941671615e+02
2.446640541e+02	7.940153198e+02	1.686279057e+03	8.920394953e+02
2.437471301e+02	7.936936035e+02	1.676044476e+03	8.899222375e+02
2.428325181e+02	7.933640747e+02	1.665897585e+03	8.878153246e+02
2.419202122e+02	7.930265503e+02	1.655837476e+03	8.857186936e+02
2.410102066e+02	7.926809082e+02	1.645863255e+03	8.836322816e+02
2.401024956e+02	7.923269043e+02	1.635974039e+03	8.815560267e+02
2.391970733e+02	7.919644165e+02	1.625952567e+03	8.794728096e+02
2.382939340e+02	7.915932617e+02	1.615520497e+03	8.773604149e+02
2.373930719e+02	7.912131958e+02	1.605181410e+03	8.752584011e+02
2.364944812e+02	7.908240967e+02	1.594934312e+03	8.731667044e+02
2.355981563e+02	7.904257202e+02	1.584778219e+03	8.710852616e+02
2.347040915e+02	7.900179443e+02	1.574712162e+03	8.690140101e+02
2.338122810e+02	7.896004639e+02	1.564735181e+03	8.669528875e+02
2.329227191e+02	7.891731567e+02	1.554846329e+03	8.649018320e+02
2.320354002e+02	7.887357788e+02	1.545044671e+03	8.628607822e+02
2.311503186e+02	7.882880859e+02	1.535329284e+03	8.608296772e+02
2.302674687e+02	7.878300171e+02	1.525699254e+03	8.588084566e+02
2.293868449e+02	7.873611450e+02	1.516153680e+03	8.567970602e+02
2.285084415e+02	7.868814087e+02	1.506127091e+03	8.547528420e+02
2.276322529e+02	7.863905029e+02	1.496010756e+03	8.527049169e+02
2.267582736e+02	7.858881836e+02	1.485987622e+03	8.506670437e+02
2.258864980e+02	7.853742676e+02	1.476056662e+03	8.486391607e+02
2.250169205e+02	7.848485107e+02	1.466216860e+03	8.466212069e+02
2.241495357e+02	7.843106079e+02	1.456467217e+03	8.446131216e+02
2.232843378e+02	7.837604370e+02	1.446806742e+03	8.426148445e+02
2.224213216e+02	7.831976318e+02	1.437234460e+03	8.406263158e+02
2.215604813e+02	7.826219482e+02	1.427749407e+03	8.386474762e+02
2.207018116e+02	7.820331421e+02	1.418350630e+03	8.366782667e+02
2.198453071e+02	7.814310303e+02	1.409037189e+03	8.347186288e+02
2.189909621e+02	7.808151855e+02	1.399808157e+03	8.327685045e+02
2.181387713e+02	7.801854858e+02	1.389985835e+03	8.307793162e+02
2.172887293e+02	7.795415649e+02	1.380150336e+03	8.287921968e+02
2.164408306e+02	7.788831787e+02	1.370408969e+03	8.268148227e+02
2.155950698e+02	7.782100220e+02	1.360760661e+03	8.248471344e+02
2.147514416e+02	7.775217896e+02	1.351204354e+03	8.228890726e+02
2.139099405e+02	7.768181763e+02	1.341739000e+03	8.209405785e+02
2.130705612e+02	7.760989380e+02	1.332363569e+03	8.190015938e+02
2.122332984e+02	7.753637085e+02	1.323077041e+03	8.170720605e+02
2.113981467e+02	7.746121826e+02	1.313878411e+03	8.151519212e+02
2.105651007e+02	7.738441162e+02	1.304766687e+03	8.132411187e+02
2.097341553e+02	7.730590820e+02	1.295740888e+03	8.113395964e+02
2.089053050e+02	7.722567749e+02	1.286800049e+03	8.094472980e+02
2.080785446e+02	7.714368896e+02	1.277443091e+03	8.076042696e+02
2.072538689e+02	7.705991211e+02	1.267849783e+03	8.057964889e+02
2.064312725e+02	7.697430420e+02	1.258352435e+03	8.039972977e+02
2.056107502e+02	7.688683472e+02	1.248949909e+03	8.022066452e+02
2.047922969e+02	7.679746704e+02	1.239641083e+03	8.004244808e+02
2.039759072e+02	7.670616455e+02	1.230424848e+03	7.986507542e+02
2.031615760e+02	7.661289673e+02	1.221300113e+03	7.968854157e+02
2.023492981e+02	7.651761475e+02	1.212265797e+03	7.951284158e+02
2.015390683e+02	7.642028809e+02	1.203320839e+03	7.933797053e+02
2.007308815e+02	7.632087402e+02	1.194464188e+03	7.916392355e+02
1.999247324e+02	7.621934204e+02	1.185694809e+03	7.899069579e+02
1.991206161e+02	7.611564331e+02	1.177011681e+03	7.881828243e+02
1.983185272e+02	7.600974121e+02	1.168413795e+03	7.864667872e+02
1.975184608e+02	7.590159302e+02	1.159063258e+03	7.850608912e+02
1.967204117e+02	7.579116211e+02	1.149766680e+03	7.836770952e+02
1.959243748e+02	7.567839966e+02	1.140567827e+03	7.822992182e+02
1.951303451e+02	7.556326294e+02	1.131465488e+03	7.809272290e+02
1.943383174e+02	7.544571533e+02	1.122458467e+03	7.795610962e+02
1.935482869e+02	7.532570190e+02	1.113545586e+03	7.782007889e+02
1.927602483e+02	7.520318604e+02	1.104725685e+03	7.768462763e+02
1.919741968e+02	7.507811890e+02	1.095997617e+03	7.754975277e+02
1.911901272e+02	7.495045776e+02	1.087360254e+03	7.741545128e+02
1.904080346e+02	7.482014771e+02	1.078812483e+03	7.728172012e+02
1.896279140e+02	7.468714600e+02	1.070353205e+03	7.714855630e+02
1.888497605e+02	7.455140991e+02	1.061981338e+03	7.701595683e+02
1.880735690e+02	7.441287842e+02	1.053695815e+03	7.688391875e+02
1.872993346e+02	7.427150879e+02	1.044664677e+03	7.670942283e+02
1.865270524e+02	7.412725220e+02	1.035620520e+03	7.652987850e+02
1.857567175e+02	7.398005371e+02	1.026677171e+03	7.635120553e+02
1.849883250e+02	7.382985840e+02	1.017833314e+03	7.617339865e+02
1.842218699e+02	7.367661743e+02	1.009087650e+03	7.599645260e+02
1.834573473e+02	7.352027588e+02	1.000438901e+03	7.582036220e+02
1.826947525e+02	7.336077881e+02	9.918858073e+02	7.564512228e+02
1.819340805e+02	7.319807739e+02	9.834271269e+02	7.547072770e+02
1.811753265e+02	7.303210449e+02	9.750616370e+02	7.529717339e+02
1.804184857e+02	7.286281128e+02	9.667881326e+02	7.512445429e+02
1.796635532e+02	7.269013672e+02	9.586054261e+02	7.495256538e+02
1.789105242e+02	7.251401978e+02	9.505123475e+02	7.478150168e+02
1.781593939e+02	7.233440552e+02	9.425077437e+02	7.461125826e+02
1.774101575e+02	7.215123291e+02	9.342225813e+02	7.441800886e+02
1.766628103e+02	7.196444092e+02	9.253924235e+02	7.418414407e+02
1.759173475e+02	7.177396240e+02	9.166676773e+02	7.395160113e+02
1.751737644e+02	7.157974854e+02	9.080468781e+02	7.372037072e+02
1.744320561e+02	7.138171997e+02	8.995285843e+02	7.349044362e+02
1.736922180e+02	7.117982178e+02	8.911113768e+02	7.326181068e+02
1.729542454e+02	7.097398682e+02	8.827938585e+02	7.303446283e+02
1.722181336e+02	7.076414795e+02	8.745746543e+02	7.280839107e+02
1.714838778e+02	7.055023193e+02	8.664524101e+02	7.258358648e+02
1.707514733e+02	7.033218384e+02	8.584257932e+02	7.236004021e+02
1.700209156e+02	7.010992432e+02	8.504934913e+02	7.213774349e+02
1.692922000e+02	6.988338623e+02	8.426542124e+02	7.191668762e+02
1.685653218e+02	6.965249634e+02	8.349066845e+02	7.169686396e+02
1.678402763e+02	6.941718750e+02	8.272496552e+02	7.147826396e+02
1.671170590e+02	6.917738647e+02	8.193162222e+02	7.122802608e+02
1.663956653e+02	6.893301392e+02	8.108614810e+02	7.092350980e+02
1.656760905e+02	6.868399658e+02	8.025149757e+02	7.062105830e+02
1.649583301e+02	6.843026733e+02	7.942751054e+02	7.032065435e+02
1.642423794e+02	6.817174683e+02	7.861402958e+02	7.002228086e+02
1.635282340e+02	6.790834351e+02	7.781089987e+02	6.972592094e+02
1.628158893e+02	6.763999634e+02	7.701796913e+02	6.943155784e+02
1.621053407e+02	6.736661377e+02	7.623508761e+02	6.913917498e+02
1.613965837e+02	6.708812256e+02	7.546210799e+02	6.884875595e+02
1.606896138e+02	6.680444336e+02	7.469888542e+02	6.856028450e+02
1.599844265e+02	6.651547241e+02	7.394527738e+02	6.827374452e+02
1.592810173e+02	6.622115479e+02	7.320114371e+02	6.798912008e+02
1.585793817e+02	6.592138062e+02	7.246634654e+02	6.770639539e+02
1.578795152e+02	6.561608276e+02	7.174075024e+02	6.742555480e+02
1.571814134e+02	6.530515747e+02	7.102422140e+02	6.714658285e+02
1.564850718e+02	6.498853760e+02	7.033492960e+02	6.676373521e+02
1.557904860e+02	6.466611328e+02	6.965691090e+02	6.636739351e+02
1.550976516e+02	6.433780518e+02	6.898711313e+02	6.597439517e+02
1.544065641e+02	6.400352173e+02	6.832542049e+02	6.558470612e+02
1.537172191e+02	6.366316528e+02	6.767171899e+02	6.519829273e+02
1.530296123e+02	6.331664429e+02	6.702589645e+02	6.481512175e+02
1.523437392e+02	6.296386108e+02	6.638784245e+02	6.443516031e+02
1.516595956e+02	6.260472412e+02	6.575744832e+02	6.405837594e+02
1.509771769e+02	6.223913574e+02	6.513460712e+02	6.368473654e+02
1.502964790e+02	6.186699219e+02	6.451921354e+02	6.331421039e+02
1.496174973e+02	6.148820190e+02	6.391116398e+02	6.294676613e+02
1.489402277e+02	6.110266113e+02	6.331035642e+02	6.258237278e+02
1.482646658e+02	6.071026001e+02	6.271669046e+02	6.222099970e+02
1.475908073e+02	6.031090698e+02	6.213006725e+02	6.186261662e+02
1.469186479e+02	5.990449829e+02	6.155038948e+02	6.150719363e+02
1.462481833e+02	5.949090576e+02	6.101435058e+02	6.101435058e+02
1.455794092e+02	5.907005005e+02	6.049312134e+02	6.049312134e+02
1.449123214e+02	5.864181519e+02	5.997764227e+02	5.997764227e+02
1.442469156e+02	5.820608521e+02	5.946783893e+02	5.946783893e+02
1.435831876e+02	5.776275635e+02	5.896363796e+02	5.896363796e+02
1.429211332e+02	5.731170044e+02	5.846496707e+02	5.846496707e+02
1.422607480e+02	5.685283203e+02	5.797175503e+02	5.797175503e+02
1.416020281e+02	5.638602295e+02	5.748393165e+02	5.748393165e+02
1.409449690e+02	5.591114502e+02	5.700142777e+02	5.700142777e+02
1.402895667e+02	5.542810059e+02	5.652417521e+02	5.652417521e+02
1.396358169e+02	5.493676147e+02	5.605210682e+02	5.605210682e+02
1.389837155e+02	5.443701172e+02	5.558515638e+02	5.558515638e+02
1.383332584e+02	5.392871704e+02	5.512325866e+02	5.512325866e+02
1.376844413e+02	5.341179199e+02	5.466634935e+02	5.466634935e+02
1.370372602e+02	5.288606567e+02	5.421436509e+02	5.421436509e+02
1.363917109e+02	5.235144043e+02	5.372719609e+02	5.372719609e+02
1.357477894e+02	5.180778198e+02	5.302573623e+02	5.302573623e+02
1.351054914e+02	5.125496826e+02	5.233516878e+02	5.233516878e+02
1.344648130e+02	5.069286804e+02	5.165530210e+02	5.165530210e+02
1.338257500e+02	5.012134094e+02	5.098594827e+02	5.098594827e+02
1.331882984e+02	4.954027100e+02	5.032692305e+02	5.032692305e+02
1.325524540e+02	4.894952698e+02	4.967804574e+02	4.967804574e+02
1.319182130e+02	4.834895020e+02	4.903913914e+02	4.903913914e+02
1.312855711e+02	4.773841858e+02	4.841002948e+02	4.841002948e+02
1.306545244e+02	4.711780396e+02	4.779054636e+02	4.779054636e+02
1.300250688e+02	4.648695679e+02	4.718052262e+02	4.718052262e+02
1.293972003e+02	4.584573059e+02	4.657979434e+02	4.657979434e+02
1.287709150e+02	4.519399719e+02	4.598820074e+02	4.598820074e+02
1.281462089e+02	4.453160400e+02	4.540558412e+02	4.540558412e+02
1.275230779e+02	4.385840759e+02	4.483178979e+02	4.483178979e+02
1.269015181e+02	4.317426758e+02	4.426666602e+02	4.426666602e+02
1.262815255e+02	4.247902527e+02	4.371006395e+02	4.371006395e+02
1.256630962e+02	4.177254028e+02	4.177254028e+02	4.177254028e+02
1.250462262e+02	4.105466309e+02	4.105466309e+02	4.105466309e+02
1.244309116e+02	4.032522888e+02	4.032522888e+02	4.032522888e+02
1.238171485e+02	3.958410034e+02	3.958410034e+02	3.958410034e+02
1.232049330e+02	3.883111572e+02	3.883111572e+02	3.883111572e+02
1.225942612e+02	3.810908508e+02	3.810908508e+02	3.810908508e+02
1.219851291e+02	3.730449219e+02	3.730449219e+02	3.730449219e+02
1.213775329e+02	3.648715820e+02	3.648715820e+02	3.648715820e+02
1.207714687e+02	3.566344299e+02	3.566344299e+02	3.566344299e+02
1.201669327e+02	3.483893738e+02	3.483893738e+02	3.483893738e+02
1.195639210e+02	3.401851807e+02	3.401851807e+02	3.401851807e+02
1.189624297e+02	3.320634460e+02	3.320634460e+02	3.320634460e+02
1.183624551e+02	3.240592041e+02	3.240592041e+02	3.240592041e+02
1.177639933e+02	3.162016907e+02	3.162016907e+02	3.162016907e+02
1.171670404e+02	3.085146790e+02	3.085146790e+02	3.085146790e+02
1.165715928e+02	3.010171509e+02	3.010171509e+02	3.010171509e+02
1.159776465e+02	2.937237244e+02	2.937237244e+02	2.937237244e+02
1.153851978e+02	2.866455688e+02	2.866455688e+02	2.866455688e+02
1.147942430e+02	2.797903137e+02	2.797903137e+02	2.797903137e+02
1.142047782e+02	2.731631470e+02	2.731631470e+02	2.731631470e+02
1.136167997e+02	2.667668152e+02	2.667668152e+02	2.667668152e+02
1.130303037e+02	2.606021729e+02	2.606021729e+02	2.606021729e+02
1.124452866e+02	2.546683960e+02	2.546683960e+02	2.546683960e+02
1.118617446e+02	2.489634399e+02	2.489634399e+02	2.489634399e+02
1.112796739e+02	2.434840088e+02	2.434840088e+02	2.434840088e+02
1.106990709e+02	2.382263336e+02	2.382263336e+02	2.382263336e+02
1.101199319e+02	2.331855469e+02	2.331855469e+02	2.331855469e+02
1.095422531e+02	2.283577576e+02	2.283577576e+02	2.283577576e+02
1.089660309e+02	2.237471161e+02	2.237471161e+02	2.237471161e+02
1.083912616e+02	2.193594055e+02	2.193594055e+02	2.193594055e+02
1.078179415e+02	2.151985779e+02	2.151985779e+02	2.151985779e+02
1.072460671e+02	2.112668304e+02	2.112668304e+02	2.112668304e+02
1.066756346e+02	2.075648956e+02	2.075648956e+02	2.075648956e+02
1.061066404e+02	2.040927582e+02	2.040927582e+02	2.040927582e+02
1.055390809e+02	2.008496246e+02	2.008496246e+02	2.008496246e+02
1.049729525e+02	1.978343506e+02	1.978343506e+02	1.978343506e+02
1.044082515e+02	1.950454102e+02	1.950454102e+02	1.950454102e+02
1.038449744e+02	1.924814148e+02	1.924814148e+02	1.924814148e+02
1.032831175e+02	1.901410675e+02	1.901410675e+02	1.901410675e+02
1.027226774e+02	1.880233002e+02	1.880233002e+02	1.880233002e+02
1.021636503e+02	1.861275940e+02	1.861275940e+02	1.861275940e+02
1.016060329e+02	1.844538879e+02	1.844538879e+02	1.844538879e+02
1.010498214e+02	1.830028687e+02	1.830028687e+02	1.830028687e+02
1.004950123e+02	1.817759857e+02	1.817759857e+02	1.817759857e+02
9.994160224e+01	1.807756958e+02	1.807756958e+02	1.807756958e+02
9.938958752e+01	1.799998932e+02	1.799998932e+02	1.799998932e+02
9.883896468e+01	1.794318695e+02	1.794318695e+02	1.794318695e+02
9.828973020e+01	1.790538788e+02	1.790538788e+02	1.790538788e+02
9.774188058e+01	1.788499298e+02	1.788499298e+02	1.788499298e+02
9.719541233e+01	1.788054504e+02	1.788054504e+02	1.788054504e+02
9.665032197e+01	1.789068756e+02	1.789068756e+02	1.789068756e+02
9.610660603e+01	1.791416168e+02	1.791416168e+02	1.791416168e+02
9.556426103e+01	1.794977264e+02	1.794977264e+02	1.794977264e+02
9.502328353e+01	1.799637146e+02	1.799637146e+02	1.799637146e+02
9.448367007e+01	1.805285645e+02	1.805285645e+02	1.805285645e+02
9.394541721e+01	1.811813354e+02	1.811813354e+02	1.811813354e+02
9.340852152e+01	1.819113007e+02	1.819113007e+02	1.819113007e+02
9.287297959e+01	1.827077026e+02	1.827077026e+02	1.827077026e+02
9.233878800e+01	1.835596161e+02	1.835596161e+02	1.835596161e+02
9.180594334e+01	1.844561157e+02	1.844561157e+02	1.844561157e+02
9.127444221e+01	1.853859711e+02	1.853859711e+02	1.853859711e+02
9.074428124e+01	1.863376312e+02	1.863376312e+02	1.863376312e+02
9.021545703e+01	1.872993164e+02	1.872993164e+02	1.872993164e+02
8.968796622e+01	1.882593536e+02	1.882593536e+02	1.882593536e+02
8.916180546e+01	1.892125702e+02	1.892125702e+02	1.892125702e+02
8.863697137e+01	1.901591492e+02	1.901591492e+02	1.901591492e+02
8.811346063e+01	1.910993042e+02	1.910993042e+02	1.910993042e+02
8.759126988e+01	1.920334167e+02	1.920334167e+02	1.920334167e+02
8.707039581e+01	1.929617615e+02	1.929617615e+02	1.929617615e+02
8.655083510e+01	1.938846893e+02	1.938846893e+02	1.938846893e+02
8.603258442e+01	1.948025055e+02	1.948025055e+02	1.948025055e+02
8.551564049e+01	1.957155762e+02	1.957155762e+02	1.957155762e+02
8.500000000e+01	1.966242523e+02	1.966242523e+02	1.966242523e+02
#	AeroPlanets 1.01
#	Copyright G Gronoff 2009
#	Report bugs : guillaume.gronoff@gmail.com
#
#	Launched :Tue Dec 19 13:05:08 2017
# Planet:Earth
# Electron impact ionization used
# Electron impact ionization error: -27.5547% (>0 : gain)

