# Atmosphere temperatures 
# Density in cm-3
# Altitude in km
# Electron (TEC 6.394893942e+12 cm-2)
6.000000000e+02	2.532994233e+04
5.981871170e+02	2.559154646e+04
5.963788051e+02	2.585518255e+04
5.945750527e+02	2.612085950e+04
5.927758484e+02	2.638858621e+04
5.909811807e+02	2.665837155e+04
5.891910381e+02	2.693022436e+04
5.874054093e+02	2.720415347e+04
5.856242828e+02	2.748016768e+04
5.838476474e+02	2.775827578e+04
5.820754916e+02	2.803848653e+04
5.803078042e+02	2.832080867e+04
5.785445740e+02	2.861104698e+04
5.767857896e+02	2.891123817e+04
5.750314399e+02	2.921381016e+04
5.732815137e+02	2.951877383e+04
5.715359998e+02	2.982614001e+04
5.697948871e+02	3.013591953e+04
5.680581646e+02	3.045586298e+04
5.663258210e+02	3.078487852e+04
5.645978455e+02	3.111660536e+04
5.628742270e+02	3.145105680e+04
5.611549545e+02	3.178824611e+04
5.594400171e+02	3.212818656e+04
5.577294037e+02	3.247944787e+04
5.560231036e+02	3.284010455e+04
5.543211058e+02	3.320384146e+04
5.526233995e+02	3.357067471e+04
5.509299738e+02	3.394062041e+04
5.492408181e+02	3.431369464e+04
5.475559214e+02	3.469787489e+04
5.458752731e+02	3.509318430e+04
5.441988625e+02	3.549198363e+04
5.425266788e+02	3.589429220e+04
5.408587115e+02	3.630012934e+04
5.391949498e+02	3.670951438e+04
5.375353832e+02	3.712813152e+04
5.358800011e+02	3.756118384e+04
5.342287930e+02	3.799817610e+04
5.325817483e+02	3.843913129e+04
5.309388565e+02	3.888407238e+04
5.293001072e+02	3.933302234e+04
5.276654899e+02	3.978753119e+04
5.260349942e+02	4.026154527e+04
5.244086096e+02	4.073999000e+04
5.227863260e+02	4.122289236e+04
5.211681328e+02	4.171027941e+04
5.195540198e+02	4.220217818e+04
5.179439766e+02	4.269861576e+04
5.163379932e+02	4.321237017e+04
5.147360591e+02	4.373566430e+04
5.131381641e+02	4.426395196e+04
5.115442982e+02	4.479726464e+04
5.099544512e+02	4.533563386e+04
5.083686128e+02	4.587909116e+04
5.067867730e+02	4.643246377e+04
5.052089218e+02	4.700400934e+04
5.036350490e+02	4.758112238e+04
5.020651447e+02	4.816383919e+04
5.004991987e+02	4.875219609e+04
4.989372012e+02	4.934622946e+04
4.973791422e+02	4.994597574e+04
4.958250118e+02	5.056393551e+04
4.942748000e+02	5.119323214e+04
4.927284970e+02	5.182874430e+04
4.911860928e+02	5.247051340e+04
4.896475778e+02	5.311858091e+04
4.881129421e+02	5.377298835e+04
4.865821758e+02	5.443422847e+04
4.850552693e+02	5.511895252e+04
4.835322128e+02	5.581053052e+04
4.820129965e+02	5.650900910e+04
4.804976109e+02	5.721443497e+04
4.789860463e+02	5.792685490e+04
4.774782930e+02	5.864631577e+04
4.759743414e+02	5.937674227e+04
4.744741819e+02	6.012731863e+04
4.729778050e+02	6.088545447e+04
4.714852011e+02	6.165120170e+04
4.699963607e+02	6.242461234e+04
4.685112743e+02	6.320573850e+04
4.670299326e+02	6.399463237e+04
4.655523259e+02	6.479630597e+04
4.640784449e+02	6.561658015e+04
4.626082802e+02	6.644513079e+04
4.611418225e+02	6.728201488e+04
4.596790624e+02	6.812728952e+04
4.582199905e+02	6.898101192e+04
4.567645976e+02	6.984323941e+04
4.553128743e+02	7.071795550e+04
4.538648115e+02	7.161128115e+04
4.524204000e+02	7.251359628e+04
4.509796304e+02	7.342496252e+04
4.495424936e+02	7.434544164e+04
4.481089805e+02	7.527509552e+04
4.466790819e+02	7.621398615e+04
4.452527887e+02	7.716354969e+04
4.438300919e+02	7.813228556e+04
4.424109822e+02	7.911069454e+04
4.409954508e+02	8.009884219e+04
4.395834886e+02	8.109679416e+04
4.381750865e+02	8.210461623e+04
4.367702357e+02	8.312237428e+04
4.353689271e+02	8.415013431e+04
4.339711518e+02	8.519430533e+04
4.325769009e+02	8.625005824e+04
4.311861656e+02	8.731618276e+04
4.297989369e+02	8.839274739e+04
4.284152060e+02	8.947982072e+04
4.270349641e+02	9.057747147e+04
4.256582024e+02	9.168576843e+04
4.242849122e+02	9.280597630e+04
4.229150846e+02	9.393880653e+04
4.215487110e+02	9.508255582e+04
4.201857825e+02	9.623729413e+04
4.188262907e+02	9.740309152e+04
4.174702267e+02	9.858001812e+04
4.161175820e+02	9.976814415e+04
4.147683478e+02	1.009675399e+05
4.134225157e+02	1.021758260e+05
4.120800770e+02	1.033949543e+05
4.107410232e+02	1.046254999e+05
4.094053458e+02	1.058675324e+05
4.080730362e+02	1.071211217e+05
4.067440859e+02	1.083863379e+05
4.054184865e+02	1.096632508e+05
4.040962295e+02	1.109508350e+05
4.027773065e+02	1.122410279e+05
4.014617091e+02	1.135429137e+05
4.001494289e+02	1.148565604e+05
3.988404576e+02	1.161820355e+05
3.975347867e+02	1.175194070e+05
3.962324080e+02	1.188687424e+05
3.949333132e+02	1.202301098e+05
3.936374940e+02	1.215990921e+05
3.923449421e+02	1.229652976e+05
3.910556493e+02	1.243433498e+05
3.897696073e+02	1.257333125e+05
3.884868081e+02	1.271352492e+05
3.872072434e+02	1.285492235e+05
3.859309050e+02	1.299752990e+05
3.846577848e+02	1.314135390e+05
3.833878747e+02	1.328580211e+05
3.821211667e+02	1.342905534e+05
3.808576525e+02	1.357348613e+05
3.795973243e+02	1.371910023e+05
3.783401738e+02	1.386590338e+05
3.770861932e+02	1.401390131e+05
3.758353745e+02	1.416309974e+05
3.745877096e+02	1.431350440e+05
3.733431907e+02	1.446511821e+05
3.721018097e+02	1.461368257e+05
3.708635588e+02	1.476339238e+05
3.696284300e+02	1.491425261e+05
3.683964156e+02	1.506626818e+05
3.671675076e+02	1.521944402e+05
3.659416983e+02	1.537378505e+05
3.647189797e+02	1.552929617e+05
3.634993442e+02	1.568598227e+05
3.622827839e+02	1.584026914e+05
3.610692911e+02	1.599353785e+05
3.598588580e+02	1.614789750e+05
3.586514770e+02	1.630335208e+05
3.574471403e+02	1.645990557e+05
3.562458403e+02	1.661756194e+05
3.550475693e+02	1.677632514e+05
3.538523197e+02	1.693619909e+05
3.526600838e+02	1.709664941e+05
3.514708541e+02	1.725140321e+05
3.502846229e+02	1.740716230e+05
3.491013828e+02	1.756392963e+05
3.479211261e+02	1.772170817e+05
3.467438454e+02	1.788050086e+05
3.455695331e+02	1.804031060e+05
3.443981818e+02	1.820114032e+05
3.432297840e+02	1.836299288e+05
3.420643322e+02	1.852285970e+05
3.409018191e+02	1.867758537e+05
3.397422371e+02	1.883320847e+05
3.385855790e+02	1.898973093e+05
3.374318373e+02	1.914715466e+05
3.362810047e+02	1.930548155e+05
3.351330739e+02	1.946471347e+05
3.339880375e+02	1.962485227e+05
3.328458883e+02	1.978589978e+05
3.317066189e+02	1.994355547e+05
3.305702221e+02	2.009532799e+05
3.294366907e+02	2.024786845e+05
3.283060174e+02	2.040117782e+05
3.271781950e+02	2.055525704e+05
3.260532164e+02	2.071010703e+05
3.249310744e+02	2.086572870e+05
3.238117617e+02	2.102212294e+05
3.226952714e+02	2.117929062e+05
3.215815962e+02	2.133404911e+05
3.204707291e+02	2.147966900e+05
3.193626629e+02	2.162591190e+05
3.182573907e+02	2.177277799e+05
3.171549054e+02	2.192026738e+05
3.160551999e+02	2.206838020e+05
3.149582673e+02	2.221711656e+05
3.138641005e+02	2.236647655e+05
3.127726926e+02	2.251646024e+05
3.116840366e+02	2.266706771e+05
3.105981256e+02	2.280499221e+05
3.095149527e+02	2.294162075e+05
3.084345109e+02	2.307872025e+05
3.073567934e+02	2.321629028e+05
3.062817933e+02	2.335433037e+05
3.052095037e+02	2.349284006e+05
3.041399179e+02	2.363181886e+05
3.030730290e+02	2.377126630e+05
3.020088301e+02	2.391118188e+05
3.009473146e+02	2.404657210e+05
2.998884756e+02	2.417028531e+05
2.988323065e+02	2.429432065e+05
2.977788003e+02	2.441867735e+05
2.967279506e+02	2.454335463e+05
2.956797505e+02	2.466835172e+05
2.946341934e+02	2.479366782e+05
2.935912726e+02	2.491930215e+05
2.925509814e+02	2.504525390e+05
2.915133133e+02	2.517152228e+05
2.904782616e+02	2.528928261e+05
2.894458198e+02	2.539714243e+05
2.884159812e+02	2.550518857e+05
2.873887392e+02	2.561342019e+05
2.863640874e+02	2.572183646e+05
2.853420192e+02	2.583043654e+05
2.843225281e+02	2.593921957e+05
2.833056075e+02	2.604818471e+05
2.822912511e+02	2.615733111e+05
2.812794523e+02	2.626665791e+05
2.802702047e+02	2.636814086e+05
2.792635019e+02	2.645710253e+05
2.782593374e+02	2.654613891e+05
2.772577048e+02	2.663524928e+05
2.762585978e+02	2.672443297e+05
2.752620100e+02	2.681368927e+05
2.742679350e+02	2.690301749e+05
2.732763666e+02	2.699241694e+05
2.722872983e+02	2.708188694e+05
2.713007239e+02	2.717142677e+05
2.703166371e+02	2.725997242e+05
2.693350316e+02	2.732754806e+05
2.683559011e+02	2.739512019e+05
2.673792395e+02	2.746268840e+05
2.664050405e+02	2.753025226e+05
2.654332979e+02	2.759781136e+05
2.644640054e+02	2.766536527e+05
2.634971570e+02	2.773291358e+05
2.625327464e+02	2.780045588e+05
2.615707676e+02	2.786799174e+05
2.606112143e+02	2.793552077e+05
2.596540804e+02	2.799306015e+05
2.586993600e+02	2.803737192e+05
2.577470467e+02	2.808164183e+05
2.567971347e+02	2.812586976e+05
2.558496179e+02	2.817005556e+05
2.549044901e+02	2.821419910e+05
2.539617455e+02	2.825830026e+05
2.530213779e+02	2.830235888e+05
2.520833814e+02	2.834637485e+05
2.511477500e+02	2.839034803e+05
2.502144777e+02	2.843427829e+05
2.492835587e+02	2.846572717e+05
2.483549869e+02	2.848568916e+05
2.474287564e+02	2.850561477e+05
2.465048614e+02	2.852550401e+05
2.455832959e+02	2.854535693e+05
2.446640541e+02	2.856517356e+05
2.437471301e+02	2.858495393e+05
2.428325181e+02	2.860469807e+05
2.419202122e+02	2.862440601e+05
2.410102066e+02	2.864407778e+05
2.401024956e+02	2.866371343e+05
2.391970733e+02	2.867444917e+05
2.382939340e+02	2.866467556e+05
2.373930719e+02	2.865492991e+05
2.364944812e+02	2.864521214e+05
2.355981563e+02	2.863552215e+05
2.347040915e+02	2.862585986e+05
2.338122810e+02	2.861622519e+05
2.329227191e+02	2.860661803e+05
2.320354002e+02	2.859703831e+05
2.311503186e+02	2.858748595e+05
2.302674687e+02	2.857796085e+05
2.293868449e+02	2.856846292e+05
2.285084415e+02	2.851610759e+05
2.276322529e+02	2.845016931e+05
2.267582736e+02	2.838454918e+05
2.258864980e+02	2.831924530e+05
2.250169205e+02	2.825425575e+05
2.241495357e+02	2.818957864e+05
2.232843378e+02	2.812521211e+05
2.224213216e+02	2.806115430e+05
2.215604813e+02	2.799740334e+05
2.207018116e+02	2.793395742e+05
2.198453071e+02	2.787081471e+05
2.189909621e+02	2.780797339e+05
2.181387713e+02	2.767683181e+05
2.172887293e+02	2.753581870e+05
2.164408306e+02	2.739587688e+05
2.155950698e+02	2.725699645e+05
2.147514416e+02	2.711916758e+05
2.139099405e+02	2.698238055e+05
2.130705612e+02	2.684662577e+05
2.122332984e+02	2.671189372e+05
2.113981467e+02	2.657817500e+05
2.105651007e+02	2.644546031e+05
2.097341553e+02	2.631374044e+05
2.089053050e+02	2.618300629e+05
2.080785446e+02	2.599615389e+05
2.072538689e+02	2.577373792e+05
2.064312725e+02	2.555377852e+05
2.056107502e+02	2.533624383e+05
2.047922969e+02	2.512110250e+05
2.039759072e+02	2.490832360e+05
2.031615760e+02	2.469787668e+05
2.023492981e+02	2.448973172e+05
2.015390683e+02	2.428385914e+05
2.007308815e+02	2.408022979e+05
1.999247324e+02	2.387881495e+05
1.991206161e+02	2.367958631e+05
1.983185272e+02	2.348251598e+05
1.975184608e+02	2.319182369e+05
1.967204117e+02	2.290042738e+05
1.959243748e+02	2.261341330e+05
1.951303451e+02	2.233070653e+05
1.943383174e+02	2.205223360e+05
1.935482869e+02	2.177792241e+05
1.927602483e+02	2.150770221e+05
1.919741968e+02	2.124150361e+05
1.911901272e+02	2.097925852e+05
1.904080346e+02	2.072090010e+05
1.896279140e+02	2.046636280e+05
1.888497605e+02	2.021558228e+05
1.880735690e+02	1.996849539e+05
1.872993346e+02	1.941077621e+05
1.865270524e+02	1.882847337e+05
1.857567175e+02	1.826504167e+05
1.849883250e+02	1.771982772e+05
1.842218699e+02	1.719220212e+05
1.834573473e+02	1.668155850e+05
1.826947525e+02	1.618731266e+05
1.819340805e+02	1.570890172e+05
1.811753265e+02	1.524578326e+05
1.804184857e+02	1.479743460e+05
1.796635532e+02	1.436335199e+05
1.789105242e+02	1.394304989e+05
1.781593939e+02	1.353606031e+05
1.774101575e+02	1.308243565e+05
1.766628103e+02	1.254499149e+05
1.759173475e+02	1.203089874e+05
1.751737644e+02	1.153909084e+05
1.744320561e+02	1.106855221e+05
1.736922180e+02	1.061831569e+05
1.729542454e+02	1.018746015e+05
1.722181336e+02	9.775108189e+04
1.714838778e+02	9.380423982e+04
1.707514733e+02	9.002611219e+04
1.700209156e+02	8.640911164e+04
1.692922000e+02	8.294600801e+04
1.685653218e+02	7.962991084e+04
1.678402763e+02	7.645425270e+04
1.671170590e+02	7.367476169e+04
1.663956653e+02	7.143550382e+04
1.656760905e+02	6.926969627e+04
1.649583301e+02	6.717476696e+04
1.642423794e+02	6.514823920e+04
1.635282340e+02	6.318772802e+04
1.628158893e+02	6.129093651e+04
1.621053407e+02	5.945565249e+04
1.613965837e+02	5.767974513e+04
1.606896138e+02	5.596116186e+04
1.599844265e+02	5.429792533e+04
1.592810173e+02	5.268813048e+04
1.585793817e+02	5.112994177e+04
1.578795152e+02	4.962159054e+04
1.571814134e+02	4.816137236e+04
1.564850718e+02	4.643063068e+04
1.557904860e+02	4.471800042e+04
1.550976516e+02	4.307262341e+04
1.544065641e+02	4.149170906e+04
1.537172191e+02	3.997258846e+04
1.530296123e+02	3.851270876e+04
1.523437392e+02	3.710962798e+04
1.516595956e+02	3.576100992e+04
1.509771769e+02	3.446461936e+04
1.502964790e+02	3.321831753e+04
1.496174973e+02	3.202005773e+04
1.489402277e+02	3.086788119e+04
1.482646658e+02	2.975991310e+04
1.475908073e+02	2.869435889e+04
1.469186479e+02	2.766950058e+04
1.462481833e+02	2.685750217e+04
1.455794092e+02	2.611218580e+04
1.449123214e+02	2.538935414e+04
1.442469156e+02	2.468827916e+04
1.435831876e+02	2.400825795e+04
1.429211332e+02	2.334861173e+04
1.422607480e+02	2.270868501e+04
1.416020281e+02	2.208784473e+04
1.409449690e+02	2.148547948e+04
1.402895667e+02	2.090099866e+04
1.396358169e+02	2.033383180e+04
1.389837155e+02	1.978342778e+04
1.383332584e+02	1.924925415e+04
1.376844413e+02	1.873079650e+04
1.370372602e+02	1.822755774e+04
1.363917109e+02	1.783331016e+04
1.357477894e+02	1.796969959e+04
1.351054914e+02	1.810678428e+04
1.344648130e+02	1.824456513e+04
1.338257500e+02	1.838304303e+04
1.331882984e+02	1.852221884e+04
1.325524540e+02	1.866209343e+04
1.319182130e+02	1.880266763e+04
1.312855711e+02	1.894394226e+04
1.306545244e+02	1.908591813e+04
1.300250688e+02	1.922859602e+04
1.293972003e+02	1.937197673e+04
1.287709150e+02	1.951606100e+04
1.281462089e+02	1.966084958e+04
1.275230779e+02	1.980634319e+04
1.269015181e+02	1.995254255e+04
1.262815255e+02	2.009944836e+04
1.256630962e+02	2.094745808e+04
1.250462262e+02	2.195466775e+04
1.244309116e+02	2.300758220e+04
1.238171485e+02	2.410814522e+04
1.232049330e+02	2.525837741e+04
1.225942612e+02	2.646037894e+04
1.219851291e+02	2.771633241e+04
1.213775329e+02	2.902850582e+04
1.207714687e+02	3.039925565e+04
1.201669327e+02	3.183103001e+04
1.195639210e+02	3.332637191e+04
1.189624297e+02	3.488792259e+04
1.183624551e+02	3.651842508e+04
1.177639933e+02	3.822072768e+04
1.171670404e+02	3.999778776e+04
1.165715928e+02	4.185267548e+04
1.159776465e+02	4.378857782e+04
1.153851978e+02	4.564922981e+04
1.147942430e+02	4.755673029e+04
1.142047782e+02	4.953882404e+04
1.136167997e+02	5.159821573e+04
1.130303037e+02	5.373769984e+04
1.124452866e+02	5.596016329e+04
1.118617446e+02	5.826858823e+04
1.112796739e+02	6.066605484e+04
1.106990709e+02	6.315574423e+04
1.101199319e+02	6.574094141e+04
1.095422531e+02	6.842503831e+04
1.089660309e+02	7.121153695e+04
1.083912616e+02	7.410405256e+04
1.078179415e+02	7.710631697e+04
1.072460671e+02	8.022218185e+04
1.066756346e+02	8.345562228e+04
1.061066404e+02	8.681074016e+04
1.055390809e+02	8.844330717e+04
1.049729525e+02	7.487713017e+04
1.044082515e+02	6.341846818e+04
1.038449744e+02	5.373585768e+04
1.032831175e+02	4.555059393e+04
1.027226774e+02	3.862823522e+04
1.021636503e+02	3.277149082e+04
1.016060329e+02	2.781426464e+04
1.010498214e+02	2.361666479e+04
1.004950123e+02	2.006082060e+04
9.994160224e+01	1.704737510e+04
9.938958752e+01	1.449254255e+04
9.883896468e+01	1.232563904e+04
9.828973020e+01	1.048700928e+04
9.774188058e+01	8.926285189e+03
9.719541233e+01	7.600922716e+03
9.665032197e+01	6.474971830e+03
9.610660603e+01	5.518042154e+03
9.556426103e+01	4.704432762e+03
9.502328353e+01	4.017209677e+03
9.448367007e+01	3.435719323e+03
9.394541721e+01	2.939558300e+03
9.340852152e+01	2.516038427e+03
9.287297959e+01	2.154382548e+03
9.233878800e+01	1.845433101e+03
9.180594334e+01	1.581405674e+03
9.127444221e+01	1.355680516e+03
9.074428124e+01	1.162626092e+03
9.021545703e+01	9.974496904e+02
8.968796622e+01	8.560708992e+02
8.916180546e+01	7.350143953e+02
8.863697137e+01	6.313190729e+02
8.811346063e+01	5.424609858e+02
8.759126988e+01	4.662879810e+02
8.707039581e+01	4.009642276e+02
8.655083510e+01	3.449231253e+02
8.603258442e+01	2.968273104e+02
8.551564049e+01	2.555346781e+02
8.500000000e+01	2.200695040e+02
