# Neutral atmosphere considered 
# Density in cm3
# Altitude in km
# N2
# O2
# O
# H
6.000000000e+02	8.941466064e+02	7.802182198e+00	5.459886250e+05	1.559193438e+05	
5.981871170e+02	9.514783936e+02	8.376492500e+00	5.657266875e+05	1.562657969e+05	
5.963788051e+02	1.012362610e+03	8.991827965e+00	5.861375625e+05	1.566123594e+05	
5.945750527e+02	1.077005249e+03	9.650946617e+00	6.072401875e+05	1.569589375e+05	
5.927758484e+02	1.145635498e+03	1.035693645e+01	6.290588125e+05	1.573056094e+05	
5.909811807e+02	1.218488403e+03	1.111300850e+01	6.516155000e+05	1.576523906e+05	
5.891910381e+02	1.295815674e+03	1.192258644e+01	6.749332500e+05	1.579992031e+05	
5.874054093e+02	1.377876953e+03	1.278931427e+01	6.990355000e+05	1.583460781e+05	
5.856242828e+02	1.464958618e+03	1.371716309e+01	7.239486875e+05	1.586930312e+05	
5.838476474e+02	1.557344849e+03	1.471016884e+01	7.496947500e+05	1.590400000e+05	
5.820754916e+02	1.655358643e+03	1.577289391e+01	7.763031875e+05	1.593870625e+05	
5.803078042e+02	1.759322876e+03	1.691000557e+01	8.037991875e+05	1.597342031e+05	
5.785445740e+02	1.869588501e+03	1.812660599e+01	8.322120000e+05	1.600813750e+05	
5.767857896e+02	1.986522095e+03	1.942799377e+01	8.615682500e+05	1.604285938e+05	
5.750314399e+02	2.110504150e+03	2.081979752e+01	8.918954375e+05	1.607758594e+05	
5.732815137e+02	2.241962891e+03	2.230837250e+01	9.232294375e+05	1.611232031e+05	
5.715359998e+02	2.381311035e+03	2.389987183e+01	9.555943125e+05	1.614705625e+05	
5.697948871e+02	2.529015381e+03	2.560148621e+01	9.890274375e+05	1.618180000e+05	
5.680581646e+02	2.685548340e+03	2.742032433e+01	1.023557188e+06	1.621654375e+05	
5.663258210e+02	2.851427979e+03	2.936440849e+01	1.059220625e+06	1.625129531e+05	
5.645978455e+02	3.027189697e+03	3.144189262e+01	1.096049500e+06	1.628605000e+05	
5.628742270e+02	3.213392334e+03	3.366172791e+01	1.134081000e+06	1.632080625e+05	
5.611549545e+02	3.410632324e+03	3.603320312e+01	1.173349250e+06	1.635556719e+05	
5.594400171e+02	3.619551270e+03	3.856666946e+01	1.213897375e+06	1.639033438e+05	
5.577294037e+02	3.840791748e+03	4.127228928e+01	1.255755875e+06	1.642510156e+05	
5.560231036e+02	4.075073242e+03	4.416181946e+01	1.298971000e+06	1.645987500e+05	
5.543211058e+02	4.323125488e+03	4.724715805e+01	1.343581000e+06	1.649465000e+05	
5.526233995e+02	4.585726074e+03	5.054110718e+01	1.389627500e+06	1.652942344e+05	
5.509299738e+02	4.863702637e+03	5.405728149e+01	1.437153500e+06	1.656420469e+05	
5.492408181e+02	5.157896484e+03	5.781004715e+01	1.486201750e+06	1.659898438e+05	
5.475559214e+02	5.469252441e+03	6.181518173e+01	1.536822500e+06	1.663376719e+05	
5.458752731e+02	5.798701172e+03	6.608872986e+01	1.589058375e+06	1.666855312e+05	
5.441988625e+02	6.147244141e+03	7.064773560e+01	1.642953750e+06	1.670334062e+05	
5.425266788e+02	6.515980469e+03	7.551132202e+01	1.698565500e+06	1.673812969e+05	
5.408587115e+02	6.906017578e+03	8.069865417e+01	1.755939000e+06	1.677292031e+05	
5.391949498e+02	7.318517090e+03	8.623048401e+01	1.815125875e+06	1.680771094e+05	
5.375353832e+02	7.754750977e+03	9.212937927e+01	1.876184250e+06	1.684250312e+05	
5.358800011e+02	8.216014648e+03	9.841848755e+01	1.939165000e+06	1.687729688e+05	
5.342287930e+02	8.703681641e+03	1.051223068e+02	2.004120875e+06	1.691208906e+05	
5.325817483e+02	9.219219727e+03	1.122681808e+02	2.071118250e+06	1.694688750e+05	
5.309388565e+02	9.764148438e+03	1.198835526e+02	2.140210250e+06	1.698168125e+05	
5.293001072e+02	1.034004297e+04	1.279979477e+02	2.211455000e+06	1.701647344e+05	
5.276654899e+02	1.094864746e+04	1.366436005e+02	2.284921750e+06	1.705127188e+05	
5.260349942e+02	1.159170801e+04	1.458536987e+02	2.360671000e+06	1.708606562e+05	
5.244086096e+02	1.227106543e+04	1.556632385e+02	2.438764500e+06	1.712085781e+05	
5.227863260e+02	1.298877734e+04	1.661110077e+02	2.519278000e+06	1.715565156e+05	
5.211681328e+02	1.374681348e+04	1.772356415e+02	2.602270750e+06	1.719044219e+05	
5.195540198e+02	1.454747070e+04	1.890811920e+02	2.687826250e+06	1.722523750e+05	
5.179439766e+02	1.539289355e+04	2.016906891e+02	2.776003500e+06	1.726002812e+05	
5.163379932e+02	1.628558691e+04	2.151132355e+02	2.866888250e+06	1.729481719e+05	
5.147360591e+02	1.722802734e+04	2.293979797e+02	2.960547750e+06	1.732960469e+05	
5.131381641e+02	1.822293945e+04	2.445995789e+02	3.057068750e+06	1.736439062e+05	
5.115442982e+02	1.927306836e+04	2.607737427e+02	3.156526000e+06	1.739917344e+05	
5.099544512e+02	2.038137695e+04	2.779813843e+02	3.259007750e+06	1.743395781e+05	
5.083686128e+02	2.155089453e+04	2.962844543e+02	3.364589500e+06	1.746873750e+05	
5.067867730e+02	2.278491016e+04	3.157515869e+02	3.473365500e+06	1.750351406e+05	
5.052089218e+02	2.408688281e+04	3.364542847e+02	3.585426500e+06	1.753829062e+05	
5.036350490e+02	2.546026953e+04	3.584671936e+02	3.700860000e+06	1.757306406e+05	
5.020651447e+02	2.690887891e+04	3.818693237e+02	3.819754250e+06	1.760783438e+05	
5.004991987e+02	2.843666016e+04	4.067465210e+02	3.942213000e+06	1.764259844e+05	
4.989372012e+02	3.004777344e+04	4.331882324e+02	4.068333750e+06	1.767736250e+05	
4.973791422e+02	3.174658398e+04	4.612897339e+02	4.198221000e+06	1.771212500e+05	
4.958250118e+02	3.353761719e+04	4.911498108e+02	4.331970500e+06	1.774688281e+05	
4.942748000e+02	3.542557422e+04	5.228729248e+02	4.469683000e+06	1.778163438e+05	
4.927284970e+02	3.741567188e+04	5.565750732e+02	4.611484000e+06	1.781638594e+05	
4.911860928e+02	3.951303906e+04	5.923720093e+02	4.757471500e+06	1.785112969e+05	
4.896475778e+02	4.172333594e+04	6.303908081e+02	4.907768000e+06	1.788587031e+05	
4.881129421e+02	4.405218359e+04	6.707615356e+02	5.062480000e+06	1.792060625e+05	
4.865821758e+02	4.650587891e+04	7.136270142e+02	5.221738000e+06	1.795534062e+05	
4.850552693e+02	4.909067578e+04	7.591343384e+02	5.385659500e+06	1.799006875e+05	
4.835322128e+02	5.181336719e+04	8.074396973e+02	5.554370000e+06	1.802479062e+05	
4.820129965e+02	5.468085547e+04	8.587080688e+02	5.727996500e+06	1.805950938e+05	
4.804976109e+02	5.770059766e+04	9.131152954e+02	5.906673000e+06	1.809422031e+05	
4.789860463e+02	6.088031641e+04	9.708456421e+02	6.090534500e+06	1.812892656e+05	
4.774782930e+02	6.422817188e+04	1.032096313e+03	6.279725000e+06	1.816362969e+05	
4.759743414e+02	6.775251562e+04	1.097069092e+03	6.474373500e+06	1.819832812e+05	
4.744741819e+02	7.146225781e+04	1.165984009e+03	6.674630500e+06	1.823301875e+05	
4.729778050e+02	7.536680469e+04	1.239070923e+03	6.880647000e+06	1.826770156e+05	
4.714852011e+02	7.947582031e+04	1.316572388e+03	7.092573000e+06	1.830237969e+05	
4.699963607e+02	8.379960938e+04	1.398744141e+03	7.310563000e+06	1.833705469e+05	
4.685112743e+02	8.834895312e+04	1.485858887e+03	7.534783000e+06	1.837172031e+05	
4.670299326e+02	9.313486719e+04	1.578199585e+03	7.765388500e+06	1.840638125e+05	
4.655523259e+02	9.816920312e+04	1.676064331e+03	8.002539500e+06	1.844103281e+05	
4.640784449e+02	1.034647266e+05	1.779782471e+03	8.246436000e+06	1.847567969e+05	
4.626082802e+02	1.090335469e+05	1.889676514e+03	8.497219000e+06	1.851032188e+05	
4.611418225e+02	1.148895000e+05	2.006103149e+03	8.755077000e+06	1.854495156e+05	
4.596790624e+02	1.210467031e+05	2.129435059e+03	9.020195000e+06	1.857957656e+05	
4.582199905e+02	1.275199297e+05	2.260070068e+03	9.292766000e+06	1.861419531e+05	
4.567645976e+02	1.343248594e+05	2.398421387e+03	9.572980000e+06	1.864880312e+05	
4.553128743e+02	1.414774219e+05	2.544925049e+03	9.861029000e+06	1.868340781e+05	
4.538648115e+02	1.489948125e+05	2.700045166e+03	1.015712200e+07	1.871800156e+05	
4.524204000e+02	1.568942969e+05	2.864257812e+03	1.046144200e+07	1.875258594e+05	
4.509796304e+02	1.651947188e+05	3.038079102e+03	1.077421200e+07	1.878716875e+05	
4.495424936e+02	1.739159844e+05	3.222064453e+03	1.109566800e+07	1.882173750e+05	
4.481089805e+02	1.830775000e+05	3.416759277e+03	1.142599300e+07	1.885630000e+05	
4.466790819e+02	1.927008438e+05	3.622777588e+03	1.176543700e+07	1.889085312e+05	
4.452527887e+02	2.028086406e+05	3.840750000e+03	1.211422600e+07	1.892540156e+05	
4.438300919e+02	2.134234219e+05	4.071332520e+03	1.247258500e+07	1.895993594e+05	
4.424109822e+02	2.245694219e+05	4.315224609e+03	1.284074900e+07	1.899446406e+05	
4.409954508e+02	2.362723438e+05	4.573169434e+03	1.321897600e+07	1.902898125e+05	
4.395834886e+02	2.485588438e+05	4.845942383e+03	1.360751700e+07	1.906349219e+05	
4.381750865e+02	2.614561562e+05	5.134365723e+03	1.400663000e+07	1.909799375e+05	
4.367702357e+02	2.749930938e+05	5.439280273e+03	1.441655900e+07	1.913248438e+05	
4.353689271e+02	2.892010000e+05	5.761620117e+03	1.483760500e+07	1.916696719e+05	
4.339711518e+02	3.041100938e+05	6.102303711e+03	1.527000000e+07	1.920143750e+05	
4.325769009e+02	3.197539062e+05	6.462354492e+03	1.571405000e+07	1.923590000e+05	
4.311861656e+02	3.361675000e+05	6.842839844e+03	1.617006000e+07	1.927035469e+05	
4.297989369e+02	3.533853125e+05	7.244831055e+03	1.663827300e+07	1.930479844e+05	
4.284152060e+02	3.714471562e+05	7.669533203e+03	1.711903600e+07	1.933923125e+05	
4.270349641e+02	3.903905938e+05	8.118143066e+03	1.761261800e+07	1.937365625e+05	
4.256582024e+02	4.102567812e+05	8.591970703e+03	1.811935600e+07	1.940806719e+05	
4.242849122e+02	4.310885000e+05	9.092350586e+03	1.863954200e+07	1.944247031e+05	
4.229150846e+02	4.529313438e+05	9.620741211e+03	1.917353600e+07	1.947686406e+05	
4.215487110e+02	4.758307812e+05	1.017861328e+04	1.972164400e+07	1.951124531e+05	
4.201857825e+02	4.998357500e+05	1.076754297e+04	2.028420400e+07	1.954561719e+05	
4.188262907e+02	5.249973125e+05	1.138920312e+04	2.086158400e+07	1.957997656e+05	
4.174702267e+02	5.513689375e+05	1.204532520e+04	2.145412600e+07	1.961432812e+05	
4.161175820e+02	5.790035000e+05	1.273771777e+04	2.206217800e+07	1.964866562e+05	
4.147683478e+02	6.079620000e+05	1.346833984e+04	2.268614000e+07	1.968299688e+05	
4.134225157e+02	6.383020000e+05	1.423918848e+04	2.332637600e+07	1.971731250e+05	
4.120800770e+02	6.700868750e+05	1.505235840e+04	2.398324800e+07	1.975162188e+05	
4.107410232e+02	7.033820625e+05	1.591011328e+04	2.465718600e+07	1.978591406e+05	
4.094053458e+02	7.382561250e+05	1.681477344e+04	2.534857400e+07	1.982020000e+05	
4.080730362e+02	7.747798125e+05	1.776878320e+04	2.605781800e+07	1.985447344e+05	
4.067440859e+02	8.130262500e+05	1.877472070e+04	2.678534400e+07	1.988873594e+05	
4.054184865e+02	8.530755625e+05	1.983529102e+04	2.753157400e+07	1.992298594e+05	
4.040962295e+02	8.950050000e+05	2.095334180e+04	2.829695800e+07	1.995722656e+05	
4.027773065e+02	9.388992500e+05	2.213181250e+04	2.908191200e+07	1.999145156e+05	
4.014617091e+02	9.848480625e+05	2.337390234e+04	2.988694800e+07	2.002567031e+05	
4.001494289e+02	1.032938938e+06	2.468277344e+04	3.071244600e+07	2.005987344e+05	
3.988404576e+02	1.083268625e+06	2.606193945e+04	3.161161600e+07	2.009406719e+05	
3.975347867e+02	1.135935875e+06	2.751500977e+04	3.248238200e+07	2.012824688e+05	
3.962324080e+02	1.191045125e+06	2.904574023e+04	3.337525000e+07	2.016241719e+05	
3.949333132e+02	1.248701000e+06	3.065807422e+04	3.429070000e+07	2.019657500e+05	
3.936374940e+02	1.309019125e+06	3.235629688e+04	3.522934000e+07	2.023072344e+05	
3.923449421e+02	1.372107625e+06	3.414453516e+04	3.619155600e+07	2.026485625e+05	
3.910556493e+02	1.438096500e+06	3.602751562e+04	3.717799200e+07	2.029897969e+05	
3.897696073e+02	1.507109000e+06	3.801010938e+04	3.818924400e+07	2.033309219e+05	
3.884868081e+02	1.579274625e+06	4.009710547e+04	3.922573600e+07	2.036719062e+05	
3.872072434e+02	1.654729875e+06	4.229387500e+04	4.028811600e+07	2.040127812e+05	
3.859309050e+02	1.733621375e+06	4.460605859e+04	4.137704000e+07	2.043535781e+05	
3.846577848e+02	1.816093375e+06	4.703926172e+04	4.249300400e+07	2.046942344e+05	
3.833878747e+02	1.902298375e+06	4.959951172e+04	4.363664000e+07	2.050347344e+05	
3.821211667e+02	1.992400375e+06	5.229326172e+04	4.480859600e+07	2.053751406e+05	
3.808576525e+02	2.086565625e+06	5.512711719e+04	4.600950800e+07	2.057154531e+05	
3.795973243e+02	2.184964250e+06	5.810805469e+04	4.724003600e+07	2.060556250e+05	
3.783401738e+02	2.287780500e+06	6.124323047e+04	4.850078800e+07	2.063957188e+05	
3.770861932e+02	2.395201250e+06	6.454047656e+04	4.979252000e+07	2.067356562e+05	
3.758353745e+02	2.507418000e+06	6.800741406e+04	5.111579600e+07	2.070754688e+05	
3.745877096e+02	2.624638750e+06	7.165278906e+04	5.247146000e+07	2.074152031e+05	
3.733431907e+02	2.747070000e+06	7.548501562e+04	5.386010800e+07	2.077547969e+05	
3.721018097e+02	2.874935750e+06	7.951357812e+04	5.528258800e+07	2.080942812e+05	
3.708635588e+02	3.008457500e+06	8.374764844e+04	5.673952000e+07	2.084336719e+05	
3.696284300e+02	3.147878750e+06	8.819753125e+04	5.823174800e+07	2.087729375e+05	
3.683964156e+02	3.293440000e+06	9.287350000e+04	5.975998800e+07	2.091120781e+05	
3.671675076e+02	3.445404750e+06	9.778678125e+04	6.132511200e+07	2.094511250e+05	
3.659416983e+02	3.604039750e+06	1.029486484e+05	6.292787600e+07	2.097900938e+05	
3.647189797e+02	3.769608000e+06	1.083710391e+05	6.456907200e+07	2.101289062e+05	
3.634993442e+02	3.942411500e+06	1.140666641e+05	6.624959600e+07	2.104676094e+05	
3.622827839e+02	4.122738250e+06	1.200483281e+05	6.797023200e+07	2.108062344e+05	
3.610692911e+02	4.310906500e+06	1.263300781e+05	6.973192000e+07	2.111447500e+05	
3.598588580e+02	4.507236000e+06	1.329260625e+05	7.153550400e+07	2.114831562e+05	
3.586514770e+02	4.712055500e+06	1.398512969e+05	7.338190400e+07	2.118214844e+05	
3.574471403e+02	4.925719000e+06	1.471214375e+05	7.527204800e+07	2.121596875e+05	
3.562458403e+02	5.148582500e+06	1.547526094e+05	7.720680800e+07	2.124977656e+05	
3.550475693e+02	5.381025500e+06	1.627622188e+05	7.918724000e+07	2.128358125e+05	
3.538523197e+02	5.623435000e+06	1.711680625e+05	8.121428000e+07	2.131737344e+05	
3.526600838e+02	5.876215000e+06	1.799886406e+05	8.328889600e+07	2.135115625e+05	
3.514708541e+02	6.139781000e+06	1.892435000e+05	8.541212000e+07	2.138492969e+05	
3.502846229e+02	6.414567500e+06	1.989529375e+05	8.758496800e+07	2.141869062e+05	
3.491013828e+02	6.701040500e+06	2.091385000e+05	8.980855200e+07	2.145245000e+05	
3.479211261e+02	6.999645000e+06	2.198222188e+05	9.208392000e+07	2.148619688e+05	
3.467438454e+02	7.310878500e+06	2.310268438e+05	9.441207200e+07	2.151993594e+05	
3.455695331e+02	7.635252000e+06	2.427771406e+05	9.679424800e+07	2.155366719e+05	
3.443981818e+02	7.973267500e+06	2.550976719e+05	9.923143200e+07	2.158739219e+05	
3.432297840e+02	8.325499000e+06	2.680159062e+05	1.017249920e+08	2.162110781e+05	
3.420643322e+02	8.692491000e+06	2.815586875e+05	1.042759840e+08	2.165481875e+05	
3.409018191e+02	9.074821000e+06	2.957545625e+05	1.068855680e+08	2.168852188e+05	
3.397422371e+02	9.473107000e+06	3.106338125e+05	1.095550400e+08	2.172221719e+05	
3.385855790e+02	9.887988000e+06	3.262278750e+05	1.122856480e+08	2.175590469e+05	
3.374318373e+02	1.032008100e+07	3.425690000e+05	1.150786240e+08	2.178959219e+05	
3.362810047e+02	1.077008400e+07	3.596912500e+05	1.179352480e+08	2.182326875e+05	
3.351330739e+02	1.123870000e+07	3.776303750e+05	1.208568960e+08	2.185694062e+05	
3.339880375e+02	1.172665100e+07	3.964234062e+05	1.238448800e+08	2.189061094e+05	
3.328458883e+02	1.223468500e+07	4.161090625e+05	1.269005920e+08	2.192427344e+05	
3.317066189e+02	1.276358800e+07	4.367270625e+05	1.300253600e+08	2.195793906e+05	
3.305702221e+02	1.331415700e+07	4.583198750e+05	1.332206560e+08	2.199159531e+05	
3.294366907e+02	1.388724500e+07	4.809313438e+05	1.364879200e+08	2.202524688e+05	
3.283060174e+02	1.448371100e+07	5.046070938e+05	1.398286400e+08	2.205890000e+05	
3.271781950e+02	1.510445100e+07	5.293940000e+05	1.432442080e+08	2.209254688e+05	
3.260532164e+02	1.575041900e+07	5.553427500e+05	1.467363360e+08	2.212619375e+05	
3.249310744e+02	1.642256200e+07	5.825053750e+05	1.503065600e+08	2.215984219e+05	
3.238117617e+02	1.712185600e+07	6.109334375e+05	1.539561600e+08	2.219348438e+05	
3.226952714e+02	1.784939600e+07	6.406858125e+05	1.576871840e+08	2.222713125e+05	
3.215815962e+02	1.860622000e+07	6.718200000e+05	1.615010880e+08	2.226077500e+05	
3.204707291e+02	1.939343600e+07	7.043964375e+05	1.653995200e+08	2.229442031e+05	
3.193626629e+02	2.021220000e+07	7.384795000e+05	1.693842400e+08	2.234770625e+05	
3.182573907e+02	2.106372200e+07	7.741344375e+05	1.734569120e+08	2.238233594e+05	
3.171549054e+02	2.194922000e+07	8.114305625e+05	1.776193760e+08	2.241702344e+05	
3.160551999e+02	2.286996000e+07	8.504403750e+05	1.818734720e+08	2.245175469e+05	
3.149582673e+02	2.382729000e+07	8.912369375e+05	1.862208640e+08	2.248654531e+05	
3.138641005e+02	2.482257600e+07	9.338997500e+05	1.906636480e+08	2.252139375e+05	
3.127726926e+02	2.585723600e+07	9.785091250e+05	1.952036480e+08	2.255630156e+05	
3.116840366e+02	2.693273400e+07	1.025150000e+06	1.998428160e+08	2.259127500e+05	
3.105981256e+02	2.805062000e+07	1.073911250e+06	2.045832800e+08	2.262631406e+05	
3.095149527e+02	2.921239200e+07	1.124880875e+06	2.094266720e+08	2.266142344e+05	
3.084345109e+02	3.041972000e+07	1.178155375e+06	2.143752480e+08	2.269660625e+05	
3.073567934e+02	3.167436000e+07	1.233837125e+06	2.194313440e+08	2.273186875e+05	
3.062817933e+02	3.297788600e+07	1.292023250e+06	2.245965440e+08	2.276721406e+05	
3.052095037e+02	3.433229600e+07	1.352826875e+06	2.298735840e+08	2.280264531e+05	
3.041399179e+02	3.573933600e+07	1.416358250e+06	2.352645440e+08	2.283816562e+05	
3.030730290e+02	3.720096000e+07	1.482730250e+06	2.407766240e+08	2.287378125e+05	
3.020088301e+02	3.871922000e+07	1.552068375e+06	2.464023680e+08	2.290949531e+05	
3.009473146e+02	4.029602800e+07	1.624492000e+06	2.521485120e+08	2.294531250e+05	
2.998884756e+02	4.193374400e+07	1.700140125e+06	2.582868800e+08	2.298194688e+05	
2.988323065e+02	4.363445200e+07	1.779145250e+06	2.642937280e+08	2.301801875e+05	
2.977788003e+02	4.540037200e+07	1.861644125e+06	2.704287360e+08	2.305421094e+05	
2.967279506e+02	4.723406000e+07	1.947793875e+06	2.766952320e+08	2.309052969e+05	
2.956797505e+02	4.913777600e+07	2.037737750e+06	2.830949760e+08	2.312697500e+05	
2.946341934e+02	5.111417600e+07	2.131641000e+06	2.896312640e+08	2.316356250e+05	
2.935912726e+02	5.316579600e+07	2.229666250e+06	2.963064000e+08	2.320028750e+05	
2.925509814e+02	5.529534400e+07	2.331985000e+06	3.031230400e+08	2.323716406e+05	
2.915133133e+02	5.750575200e+07	2.438783250e+06	3.100846400e+08	2.327419844e+05	
2.904782616e+02	5.979971600e+07	2.550237500e+06	3.171933120e+08	2.331139062e+05	
2.894458198e+02	6.218035200e+07	2.666545000e+06	3.244521600e+08	2.334875312e+05	
2.884159812e+02	6.465074000e+07	2.787910500e+06	3.318644480e+08	2.338629062e+05	
2.873887392e+02	6.721406400e+07	2.914539750e+06	3.394329280e+08	2.342401719e+05	
2.863640874e+02	6.987360800e+07	3.046648500e+06	3.471606400e+08	2.346193125e+05	
2.853420192e+02	7.263274400e+07	3.184463000e+06	3.550508160e+08	2.350004688e+05	
2.843225281e+02	7.549504000e+07	3.328214500e+06	3.631062080e+08	2.353837031e+05	
2.833056075e+02	7.846426400e+07	3.478160000e+06	3.713310720e+08	2.357691094e+05	
2.822912511e+02	8.154398400e+07	3.634535250e+06	3.797276800e+08	2.361567969e+05	
2.812794523e+02	8.473819200e+07	3.797614000e+06	3.882999360e+08	2.365467812e+05	
2.802702047e+02	8.805096000e+07	3.967669500e+06	3.970513920e+08	2.369392031e+05	
2.792635019e+02	9.148647200e+07	4.144985500e+06	4.059853120e+08	2.373342500e+05	
2.782593374e+02	9.504879200e+07	4.329848500e+06	4.151051200e+08	2.377318750e+05	
2.772577048e+02	9.874272800e+07	4.522580500e+06	4.244150720e+08	2.381323125e+05	
2.762585978e+02	1.025725040e+08	4.723483500e+06	4.339181440e+08	2.385356250e+05	
2.752620100e+02	1.065430960e+08	4.932897500e+06	4.436184960e+08	2.389418594e+05	
2.742679350e+02	1.106593840e+08	5.151167500e+06	4.535202880e+08	2.393512188e+05	
2.732763666e+02	1.149263920e+08	5.378647000e+06	4.636270080e+08	2.397638906e+05	
2.722872983e+02	1.193493600e+08	5.615708500e+06	4.739430400e+08	2.401798281e+05	
2.713007239e+02	1.239337760e+08	5.862738500e+06	4.844723840e+08	2.405992656e+05	
2.703166371e+02	1.286850480e+08	6.120129000e+06	4.952189760e+08	2.410223438e+05	
2.693350316e+02	1.336092240e+08	6.388310000e+06	5.061876800e+08	2.414492344e+05	
2.683559011e+02	1.387120320e+08	6.667695000e+06	5.173822080e+08	2.418799688e+05	
2.673792395e+02	1.439995520e+08	6.958737500e+06	5.288071040e+08	2.423147812e+05	
2.664050405e+02	1.494784800e+08	7.261915000e+06	5.404675840e+08	2.427538281e+05	
2.654332979e+02	1.551551040e+08	7.577689000e+06	5.523672320e+08	2.431973281e+05	
2.644640054e+02	1.610362720e+08	7.906570500e+06	5.645115520e+08	2.436452812e+05	
2.634971570e+02	1.671292960e+08	8.249090500e+06	5.769054720e+08	2.440980000e+05	
2.625327464e+02	1.734411200e+08	8.605781000e+06	5.895536640e+08	2.445556562e+05	
2.615707676e+02	1.799793280e+08	8.977201000e+06	6.024611200e+08	2.450184062e+05	
2.606112143e+02	1.867516640e+08	9.363940000e+06	6.156330240e+08	2.454864375e+05	
2.596540804e+02	1.937660480e+08	9.766588000e+06	6.290744320e+08	2.459599844e+05	
2.586993600e+02	2.010306400e+08	1.018577100e+07	6.427905280e+08	2.464391875e+05	
2.577470467e+02	2.085545120e+08	1.062218300e+07	6.567881600e+08	2.469243750e+05	
2.567971347e+02	2.163456800e+08	1.107643200e+07	6.710707840e+08	2.474156406e+05	
2.558496179e+02	2.244138880e+08	1.154928100e+07	6.856458240e+08	2.479133281e+05	
2.549044901e+02	2.327682400e+08	1.204143100e+07	7.005184640e+08	2.484176094e+05	
2.539617455e+02	2.414186880e+08	1.255364600e+07	7.156948480e+08	2.489287969e+05	
2.530213779e+02	2.503750400e+08	1.308671300e+07	7.311809280e+08	2.494470156e+05	
2.520833814e+02	2.596477920e+08	1.364143600e+07	7.469827200e+08	2.499726406e+05	
2.511477500e+02	2.692473280e+08	1.421865700e+07	7.631063040e+08	2.505059062e+05	
2.502144777e+02	2.791852480e+08	1.481928500e+07	7.795592320e+08	2.510471094e+05	
2.492835587e+02	2.894728320e+08	1.544421900e+07	7.963476480e+08	2.515965625e+05	
2.483549869e+02	3.001217280e+08	1.609439700e+07	8.134779520e+08	2.521545312e+05	
2.474287564e+02	3.111440640e+08	1.677079500e+07	8.309571200e+08	2.527213281e+05	
2.465048614e+02	3.225526400e+08	1.747445200e+07	8.487924480e+08	2.532972500e+05	
2.455832959e+02	3.343607360e+08	1.820643400e+07	8.669917440e+08	2.538827344e+05	
2.446640541e+02	3.465815360e+08	1.896783400e+07	8.855619840e+08	2.544781094e+05	
2.437471301e+02	3.592284160e+08	1.975975200e+07	9.045097600e+08	2.550836250e+05	
2.428325181e+02	3.723168960e+08	2.058344000e+07	9.238443520e+08	2.556997500e+05	
2.419202122e+02	3.858611200e+08	2.144010200e+07	9.435728640e+08	2.563268281e+05	
2.410102066e+02	3.998766080e+08	2.233101600e+07	9.637039360e+08	2.569653125e+05	
2.401024956e+02	4.143791680e+08	2.325747800e+07	9.842450560e+08	2.576273125e+05	
2.391970733e+02	4.293855040e+08	2.422093800e+07	1.005205952e+09	2.582902031e+05	
2.382939340e+02	4.449120000e+08	2.522273600e+07	1.026593664e+09	2.589657188e+05	
2.373930719e+02	4.609766400e+08	2.626444000e+07	1.048418432e+09	2.596544219e+05	
2.364944812e+02	4.775974080e+08	2.734753200e+07	1.070689024e+09	2.603566562e+05	
2.355981563e+02	4.947928000e+08	2.847363800e+07	1.093414144e+09	2.610729844e+05	
2.347040915e+02	5.125827200e+08	2.964442000e+07	1.116604416e+09	2.618039531e+05	
2.338122810e+02	5.309870400e+08	3.086160800e+07	1.140268928e+09	2.625499688e+05	
2.329227191e+02	5.500262400e+08	3.212700600e+07	1.164418176e+09	2.633116875e+05	
2.320354002e+02	5.697216640e+08	3.344243000e+07	1.189061632e+09	2.640895938e+05	
2.311503186e+02	5.900958080e+08	3.480987200e+07	1.214210944e+09	2.648843125e+05	
2.302674687e+02	6.111710080e+08	3.623127600e+07	1.239875328e+09	2.656964375e+05	
2.293868449e+02	6.329718400e+08	3.770881200e+07	1.266067456e+09	2.665265938e+05	
2.285084415e+02	6.555217920e+08	3.924459200e+07	1.292798208e+09	2.673754375e+05	
2.276322529e+02	6.788469760e+08	4.084089200e+07	1.320078720e+09	2.682435625e+05	
2.267582736e+02	7.029732480e+08	4.250000800e+07	1.347921024e+09	2.691317500e+05	
2.258864980e+02	7.279276800e+08	4.422439600e+07	1.376337152e+09	2.700406562e+05	
2.250169205e+02	7.537386240e+08	4.601663600e+07	1.405340928e+09	2.709710625e+05	
2.241495357e+02	7.804348800e+08	4.787928000e+07	1.434943360e+09	2.719237188e+05	
2.232843378e+02	8.080466560e+08	4.981509600e+07	1.465159168e+09	2.728993750e+05	
2.224213216e+02	8.366048640e+08	5.182690400e+07	1.496000896e+09	2.738989688e+05	
2.215604813e+02	8.661420800e+08	5.391765600e+07	1.527483264e+09	2.749232812e+05	
2.207018116e+02	8.966910720e+08	5.609038800e+07	1.559619456e+09	2.759731875e+05	
2.198453071e+02	9.282871040e+08	5.834836800e+07	1.592425856e+09	2.770495938e+05	
2.189909621e+02	9.609651200e+08	6.069481200e+07	1.625915392e+09	2.781534062e+05	
2.181387713e+02	9.947626240e+08	6.313322800e+07	1.660104704e+09	2.792858125e+05	
2.172887293e+02	1.029717888e+09	6.566716800e+07	1.695010048e+09	2.804475312e+05	
2.164408306e+02	1.065870656e+09	6.830033600e+07	1.730646144e+09	2.816398438e+05	
2.155950698e+02	1.103262464e+09	7.103668000e+07	1.767031808e+09	2.828637812e+05	
2.147514416e+02	1.141934720e+09	7.388017600e+07	1.804183552e+09	2.841204062e+05	
2.139099405e+02	1.181932544e+09	7.683498400e+07	1.842117888e+09	2.854110000e+05	
2.130705612e+02	1.223302016e+09	7.990553600e+07	1.880854272e+09	2.867366562e+05	
2.122332984e+02	1.266089728e+09	8.309632800e+07	1.920411264e+09	2.880987500e+05	
2.113981467e+02	1.310345344e+09	8.641212000e+07	1.960808192e+09	2.894984688e+05	
2.105651007e+02	1.356119936e+09	8.985780000e+07	2.002064896e+09	2.909372812e+05	
2.097341553e+02	1.403466368e+09	9.343847200e+07	2.044200960e+09	2.924165000e+05	
2.089053050e+02	1.452439680e+09	9.715956800e+07	2.087238656e+09	2.939376562e+05	
2.080785446e+02	1.503097344e+09	1.010265440e+08	2.131199232e+09	2.955022812e+05	
2.072538689e+02	1.555496576e+09	1.050451760e+08	2.176104192e+09	2.971117812e+05	
2.064312725e+02	1.609700224e+09	1.092215280e+08	2.221977856e+09	2.987678750e+05	
2.056107502e+02	1.665772672e+09	1.135619280e+08	2.268843264e+09	3.004724062e+05	
2.047922969e+02	1.723777408e+09	1.180727920e+08	2.316723968e+09	3.022269375e+05	
2.039759072e+02	1.783785984e+09	1.227610480e+08	2.365646848e+09	3.040334062e+05	
2.031615760e+02	1.845866624e+09	1.276336320e+08	2.415635200e+09	3.058935000e+05	
2.023492981e+02	1.910095616e+09	1.326981440e+08	2.466717952e+09	3.078094375e+05	
2.015390683e+02	1.976550528e+09	1.379623200e+08	2.518923264e+09	3.097830938e+05	
2.007308815e+02	2.045308160e+09	1.434340480e+08	2.572276480e+09	3.118166250e+05	
1.999247324e+02	2.116454016e+09	1.490846880e+08	2.626809088e+09	3.139122188e+05	
1.991206161e+02	2.190072832e+09	1.549944960e+08	2.682551296e+09	3.160720625e+05	
1.983185272e+02	2.266256128e+09	1.611381600e+08	2.739534336e+09	3.182987812e+05	
1.975184608e+02	2.345096448e+09	1.675251040e+08	2.797790208e+09	3.205946250e+05	
1.967204117e+02	2.426689792e+09	1.741652160e+08	2.857350656e+09	3.229622812e+05	
1.959243748e+02	2.511138816e+09	1.810689920e+08	2.918253312e+09	3.254043125e+05	
1.951303451e+02	2.598548480e+09	1.882473280e+08	2.980532480e+09	3.279235312e+05	
1.943383174e+02	2.689026560e+09	1.957112960e+08	3.044222208e+09	3.305227812e+05	
1.935482869e+02	2.782688768e+09	2.034730560e+08	3.109363968e+09	3.332050000e+05	
1.927602483e+02	2.879652864e+09	2.115448320e+08	3.175996928e+09	3.359735312e+05	
1.919741968e+02	2.980043520e+09	2.199396960e+08	3.244160000e+09	3.388314375e+05	
1.911901272e+02	3.083988736e+09	2.286709600e+08	3.313896192e+09	3.417821250e+05	
1.904080346e+02	3.191622656e+09	2.377529760e+08	3.385249536e+09	3.448290625e+05	
1.896279140e+02	3.303086592e+09	2.472004800e+08	3.458265088e+09	3.479760625e+05	
1.888497605e+02	3.418522624e+09	2.570287840e+08	3.532986112e+09	3.512267188e+05	
1.880735690e+02	3.538088960e+09	2.672544640e+08	3.609466368e+09	3.545851250e+05	
1.872993346e+02	3.661939456e+09	2.778942400e+08	3.687753216e+09	3.580553438e+05	
1.865270524e+02	3.790241280e+09	2.889658240e+08	3.767897600e+09	3.616417500e+05	
1.857567175e+02	3.923169792e+09	3.004880640e+08	3.849955328e+09	3.653489062e+05	
1.849883250e+02	4.060902656e+09	3.124803200e+08	3.933981440e+09	3.691811250e+05	
1.842218699e+02	4.203632128e+09	3.249633280e+08	4.020035840e+09	3.731435000e+05	
1.834573473e+02	4.351550976e+09	3.379580800e+08	4.108174592e+09	3.772411562e+05	
1.826947525e+02	4.504869376e+09	3.514874240e+08	4.198463232e+09	3.814793750e+05	
1.819340805e+02	4.663801344e+09	3.655746880e+08	4.290964224e+09	3.858635938e+05	
1.811753265e+02	4.828572160e+09	3.802448960e+08	4.385748480e+09	3.903994688e+05	
1.804184857e+02	4.999417856e+09	3.955239040e+08	4.482882048e+09	3.950931875e+05	
1.796635532e+02	5.176586752e+09	4.114390400e+08	4.582437888e+09	3.999508438e+05	
1.789105242e+02	5.360338432e+09	4.280193920e+08	4.684495872e+09	4.049791250e+05	
1.781593939e+02	5.550940160e+09	4.452943680e+08	4.789129728e+09	4.101846875e+05	
1.774101575e+02	5.748679680e+09	4.632963840e+08	4.896422400e+09	4.155747188e+05	
1.766628103e+02	5.953852416e+09	4.820583680e+08	5.006460416e+09	4.211566250e+05	
1.759173475e+02	6.166772224e+09	5.016157440e+08	5.119331840e+09	4.269381875e+05	
1.751737644e+02	6.387761664e+09	5.220049280e+08	5.235127808e+09	4.329272188e+05	
1.744320561e+02	6.617170432e+09	5.432656000e+08	5.353943552e+09	4.391326562e+05	
1.736922180e+02	6.855351808e+09	5.654378880e+08	5.475878912e+09	4.455629062e+05	
1.729542454e+02	7.102691328e+09	5.885656960e+08	5.601040896e+09	4.522274688e+05	
1.722181336e+02	7.359579648e+09	6.126937600e+08	5.729534464e+09	4.591356250e+05	
1.714838778e+02	7.626446336e+09	6.378712960e+08	5.861478400e+09	4.662978125e+05	
1.707514733e+02	7.903714304e+09	6.641478400e+08	5.996982784e+09	4.737241562e+05	
1.700209156e+02	8.191861248e+09	6.915777280e+08	6.136176640e+09	4.814260312e+05	
1.692922000e+02	8.491365888e+09	7.202174080e+08	6.279190016e+09	4.894147500e+05	
1.685653218e+02	8.802745344e+09	7.501267840e+08	6.426155008e+09	4.977023125e+05	
1.678402763e+02	9.126535168e+09	7.813683200e+08	6.577212928e+09	5.063012812e+05	
1.671170590e+02	9.463300096e+09	8.140091520e+08	6.732506624e+09	5.152247188e+05	
1.663956653e+02	9.813652480e+09	8.481210880e+08	6.892197376e+09	5.244864375e+05	
1.656760905e+02	1.017821491e+10	8.837780480e+08	7.056441856e+09	5.341008750e+05	
1.649583301e+02	1.055765197e+10	9.210595200e+08	7.225404928e+09	5.440828125e+05	
1.642423794e+02	1.095267328e+10	9.600494720e+08	7.399265792e+09	5.544479375e+05	
1.635282340e+02	1.136403456e+10	1.000839360e+09	7.578215424e+09	5.652132500e+05	
1.628158893e+02	1.179250176e+10	1.043521216e+09	7.762436608e+09	5.763951250e+05	
1.621053407e+02	1.223891968e+10	1.088197504e+09	7.952136192e+09	5.880121875e+05	
1.613965837e+02	1.270416691e+10	1.134975488e+09	8.147528704e+09	6.000830000e+05	
1.606896138e+02	1.318917325e+10	1.183968000e+09	8.348832256e+09	6.126273750e+05	
1.599844265e+02	1.369734758e+10	1.235299200e+09	8.556293120e+09	6.256661250e+05	
1.592810173e+02	1.422507213e+10	1.289094016e+09	8.770139136e+09	6.392203125e+05	
1.585793817e+02	1.477574349e+10	1.345494272e+09	8.990645248e+09	6.533131250e+05	
1.578795152e+02	1.535049933e+10	1.404643456e+09	9.218066432e+09	6.679678125e+05	
1.571814134e+02	1.595062682e+10	1.466701568e+09	9.452706816e+09	6.832094375e+05	
1.564850718e+02	1.657741517e+10	1.531832576e+09	9.694842880e+09	6.990638750e+05	
1.557904860e+02	1.723233075e+10	1.600220032e+09	9.944813568e+09	7.155584375e+05	
1.550976516e+02	1.791683994e+10	1.672051200e+09	1.020293632e+10	7.327212500e+05	
1.544065641e+02	1.863256064e+10	1.747533952e+09	1.046956954e+10	7.505821875e+05	
1.537172191e+02	1.938121114e+10	1.826888064e+09	1.074507878e+10	7.691729375e+05	
1.530296123e+02	2.016461005e+10	1.910348544e+09	1.102985523e+10	7.885258125e+05	
1.523437392e+02	2.098469683e+10	1.998171136e+09	1.132431258e+10	8.086756250e+05	
1.516595956e+02	2.184354202e+10	2.090625024e+09	1.162887680e+10	8.296573750e+05	
1.509771769e+02	2.274337382e+10	2.188003840e+09	1.194401382e+10	8.515095000e+05	
1.502964790e+02	2.368656384e+10	2.290624512e+09	1.227020493e+10	8.742712500e+05	
1.496174973e+02	2.467565773e+10	2.398826752e+09	1.260796314e+10	8.979841875e+05	
1.489402277e+02	2.571335680e+10	2.512975104e+09	1.295782400e+10	9.226910000e+05	
1.482646658e+02	2.680260608e+10	2.633469440e+09	1.332037632e+10	9.484380625e+05	
1.475908073e+02	2.794651648e+10	2.760735744e+09	1.369621504e+10	9.752725000e+05	
1.469186479e+02	2.914843853e+10	2.895236608e+09	1.408598016e+10	1.003244250e+06	
1.462481833e+02	3.041203610e+10	3.037478912e+09	1.449038131e+10	1.032406625e+06	
1.455794092e+02	3.174116147e+10	3.188004352e+09	1.491011686e+10	1.062813875e+06	
1.449123214e+02	3.313999258e+10	3.347405056e+09	1.534596915e+10	1.094524000e+06	
1.442469156e+02	3.461307597e+10	3.516326656e+09	1.579875635e+10	1.127597625e+06	
1.435831876e+02	3.616526746e+10	3.695468544e+09	1.626934989e+10	1.162098625e+06	
1.429211332e+02	3.780187341e+10	3.885601280e+09	1.675868877e+10	1.198094500e+06	
1.422607480e+02	3.952852582e+10	4.087549952e+09	1.726773862e+10	1.235654750e+06	
1.416020281e+02	4.135139328e+10	4.302229504e+09	1.779756032e+10	1.274852375e+06	
1.409449690e+02	4.327725056e+10	4.530646528e+09	1.834930381e+10	1.315768250e+06	
1.402895667e+02	4.531325747e+10	4.773885440e+09	1.892414464e+10	1.358480750e+06	
1.396358169e+02	4.746732749e+10	5.033152512e+09	1.952336896e+10	1.403078000e+06	
1.389837155e+02	4.974804992e+10	5.309765120e+09	2.014835917e+10	1.449649750e+06	
1.383332584e+02	5.216479642e+10	5.605186048e+09	2.080059597e+10	1.498293500e+06	
1.376844413e+02	5.472762675e+10	5.920995328e+09	2.148162355e+10	1.549106500e+06	
1.370372602e+02	5.744782131e+10	6.258986496e+09	2.219317658e+10	1.602198750e+06	
1.363917109e+02	6.033750426e+10	6.621103616e+09	2.293705523e+10	1.657680500e+06	
1.357477894e+02	6.340998349e+10	7.009512448e+09	2.371521536e+10	1.715670875e+06	
1.351054914e+02	6.667992678e+10	7.426617344e+09	2.452977050e+10	1.776295875e+06	
1.344648130e+02	7.016337408e+10	7.875080704e+09	2.538298573e+10	1.839686875e+06	
1.338257500e+02	7.387808563e+10	8.357883904e+09	2.627733504e+10	1.905986625e+06	
1.331882984e+02	7.784350515e+10	8.878327808e+09	2.721544602e+10	1.975342750e+06	
1.325524540e+02	8.208110387e+10	9.440098304e+09	2.820017766e+10	2.047914125e+06	
1.319182130e+02	8.661493350e+10	1.004736102e+10	2.923470029e+10	2.123871750e+06	
1.312855711e+02	9.147127398e+10	1.070472602e+10	3.032234598e+10	2.203393500e+06	
1.306545244e+02	9.667943629e+10	1.141739008e+10	3.146681139e+10	2.286670500e+06	
1.300250688e+02	1.022721556e+11	1.219121357e+10	3.267210035e+10	2.373909000e+06	
1.293972003e+02	1.082858701e+11	1.303279718e+10	3.394260173e+10	2.465328000e+06	
1.287709150e+02	1.147612201e+11	1.394956698e+10	3.528308736e+10	2.561160750e+06	
1.281462089e+02	1.217438679e+11	1.494995866e+10	3.669879603e+10	2.661662500e+06	
1.275230779e+02	1.292850135e+11	1.604352000e+10	3.819551130e+10	2.767101750e+06	
1.269015181e+02	1.374422630e+11	1.724110438e+10	3.977956147e+10	2.877772750e+06	
1.262815255e+02	1.462807921e+11	1.855509504e+10	4.145796301e+10	2.993990750e+06	
1.256630962e+02	1.558741484e+11	1.999960883e+10	4.323844096e+10	3.116100750e+06	
1.250462262e+02	1.663059231e+11	2.159080038e+10	4.512958874e+10	3.244471750e+06	
1.244309116e+02	1.776714056e+11	2.334726554e+10	4.714098278e+10	3.379513000e+06	
1.238171485e+02	1.900790579e+11	2.529035059e+10	4.928325632e+10	3.521664000e+06	
1.232049330e+02	2.036534313e+11	2.744474419e+10	5.156836966e+10	3.671412500e+06	
1.225942612e+02	2.183105741e+11	2.980808909e+10	5.395557581e+10	3.827425750e+06	
1.219851291e+02	2.348105236e+11	3.249438720e+10	5.660452864e+10	3.995664500e+06	
1.213775329e+02	2.530199634e+11	3.549932339e+10	5.944959795e+10	4.173538250e+06	
1.207714687e+02	2.731206083e+11	3.886282342e+10	6.249997517e+10	4.361328000e+06	
1.201669327e+02	2.953159967e+11	4.263018086e+10	6.576544973e+10	4.559317500e+06	
1.195639210e+02	3.198337679e+11	4.685276774e+10	6.925609370e+10	4.767812000e+06	
1.189624297e+02	3.469291356e+11	5.158885786e+10	7.298253619e+10	4.987120000e+06	
1.183624551e+02	3.768892129e+11	5.690476954e+10	7.695595110e+10	5.217581000e+06	
1.177639933e+02	4.100354540e+11	6.287567667e+10	8.118789734e+10	5.459545500e+06	
1.171670404e+02	4.467291914e+11	6.958697677e+10	8.569031885e+10	5.713388500e+06	
1.165715928e+02	4.873765519e+11	7.713571635e+10	9.047561011e+10	5.979515500e+06	
1.159776465e+02	5.324354028e+11	8.563236045e+10	9.555669811e+10	6.258366500e+06	
1.153851978e+02	5.824196116e+11	9.520216474e+10	1.009466327e+11	6.550416000e+06	
1.147942430e+02	6.379096637e+11	1.059879076e+11	1.066589716e+11	6.856194500e+06	
1.142047782e+02	6.995580682e+11	1.181514301e+11	1.127072236e+11	7.176266500e+06	
1.136167997e+02	7.681017774e+11	1.318772081e+11	1.191052165e+11	7.511280500e+06	
1.130303037e+02	8.443704771e+11	1.473744732e+11	1.258665574e+11	7.861938500e+06	
1.124452866e+02	9.293016596e+11	1.648813998e+11	1.330047549e+11	8.229041500e+06	
1.118617446e+02	1.023953666e+12	1.846688317e+11	1.405329736e+11	8.613474000e+06	
1.112796739e+02	1.129523053e+12	2.070446244e+11	1.484638618e+11	9.016257000e+06	
1.106990709e+02	1.247355339e+12	2.323576586e+11	1.568086589e+11	9.438520000e+06	
1.101199319e+02	1.378980332e+12	2.610061804e+11	1.655780147e+11	9.881567000e+06	
1.095422531e+02	1.526113632e+12	2.934397993e+11	1.747795968e+11	1.034684400e+07	
1.089660309e+02	1.690623672e+12	3.301552947e+11	1.844113572e+11	1.083572900e+07	
1.083912616e+02	1.874575753e+12	3.717060362e+11	1.944639406e+11	1.134969800e+07	
1.078179415e+02	2.080255508e+12	4.187081933e+11	2.049214218e+11	1.189042500e+07	
1.072460671e+02	2.310205604e+12	4.718499922e+11	2.157610107e+11	1.245983500e+07	
1.066756346e+02	2.567246709e+12	5.318974177e+11	2.269520855e+11	1.306015500e+07	
1.061066404e+02	2.854479725e+12	5.996966052e+11	2.384531620e+11	1.369388400e+07	
1.055390809e+02	3.175332446e+12	6.761840640e+11	2.502122537e+11	1.436389700e+07	
1.049729525e+02	3.533538591e+12	7.623842202e+11	2.621635625e+11	1.507341300e+07	
1.044082515e+02	3.933207790e+12	8.594260623e+11	2.742277571e+11	1.582610600e+07	
1.038449744e+02	4.378776044e+12	9.685306573e+11	2.863084339e+11	1.662607900e+07	
1.032831175e+02	4.875050025e+12	1.091023471e+12	2.982922158e+11	1.747789000e+07	
1.027226774e+02	5.427198165e+12	1.228331680e+12	3.100472443e+11	1.838665200e+07	
1.021636503e+02	6.040715264e+12	1.381974540e+12	3.214222950e+11	1.935794600e+07	
1.016060329e+02	6.721426686e+12	1.553565221e+12	3.322476954e+11	2.039791000e+07	
1.010498214e+02	7.475410502e+12	1.744788259e+12	3.423349309e+11	2.151316600e+07	
1.004950123e+02	8.308969701e+12	1.957393596e+12	3.514799882e+11	2.271085000e+07	
9.994160224e+01	9.228510036e+12	2.193163289e+12	3.594652877e+11	2.399848600e+07	
9.938958752e+01	1.024079167e+13	2.453968257e+12	3.660762972e+11	2.538452400e+07	
9.883896468e+01	1.135362861e+13	2.741939208e+12	3.711315149e+11	2.687960200e+07	
9.828973020e+01	1.257553527e+13	3.059385106e+12	3.744656589e+11	2.849554800e+07	
9.774188058e+01	1.391556506e+13	3.408755163e+12	3.759288484e+11	3.024520800e+07	
9.719541233e+01	1.538331876e+13	3.792646439e+12	3.753942712e+11	3.214239800e+07	
9.665032197e+01	1.698906400e+13	4.213824553e+12	3.727649997e+11	3.420206000e+07	
9.610660603e+01	1.874371124e+13	4.675229712e+12	3.679792333e+11	3.644020400e+07	
9.556426103e+01	2.065890384e+13	5.179993227e+12	3.610169836e+11	3.887399200e+07	
9.502328353e+01	2.274709891e+13	5.731458744e+12	3.519031869e+11	4.152172400e+07	
9.448367007e+01	2.502155462e+13	6.333182509e+12	3.407108178e+11	4.440276000e+07	
9.394541721e+01	2.749670778e+13	6.989035864e+12	3.275637391e+11	4.753771600e+07	
9.340852152e+01	3.018782776e+13	7.703107207e+12	3.126302474e+11	5.094788800e+07	
9.287297959e+01	3.311163933e+13	8.479869764e+12	2.961254646e+11	5.465553600e+07	
9.233878800e+01	3.628619478e+13	9.324159042e+12	2.783030149e+11	5.868322400e+07	
9.180594334e+01	3.973119476e+13	1.024123837e+13	2.594459976e+11	6.305346400e+07	
9.127444221e+01	4.346827348e+13	1.123688645e+13	2.398608425e+11	6.778803200e+07	
9.074428124e+01	4.752112458e+13	1.231744506e+13	2.198648914e+11	7.290667200e+07	
9.021545703e+01	5.191588695e+13	1.348989459e+13	1.997762232e+11	7.842530400e+07	
8.968796622e+01	5.668152227e+13	1.476197247e+13	1.799021527e+11	8.435411200e+07	
8.916180546e+01	6.184809529e+13	1.614173281e+13	1.605229937e+11	9.069112800e+07	
8.863697137e+01	6.744601054e+13	1.763732934e+13	1.418873405e+11	9.741657600e+07	
8.811346063e+01	7.350784518e+13	1.925748831e+13	1.242104300e+11	1.044885120e+08	
8.759126988e+01	8.006845805e+13	2.101157141e+13	1.076687094e+11	1.118344880e+08	
8.707039581e+01	8.716494360e+13	2.290952543e+13	9.239691264e+10	1.193409200e+08	
8.655083510e+01	9.483659405e+13	2.496188645e+13	7.848488141e+10	1.268400480e+08	
8.603258442e+01	1.031255622e+14	2.717994556e+13	6.597994086e+10	1.340966560e+08	
8.551564049e+01	1.120766347e+14	2.957574878e+13	5.488851763e+10	1.407926400e+08	
8.500000000e+01	1.217372745e+14	3.216200486e+13	4.518066586e+10	1.465151680e+08	
