# Neutral atmosphere considered 
# Column Density in cm2
# Altitude in km
# N2
# O2
# O
# H
6.000000000e+02	2.610892250e+09	1.994474255e+07	2.791424831e+12	1.265314342e+13	
5.981871170e+02	2.778187359e+09	2.141124477e+07	2.892195321e+12	1.268144118e+13	
5.963788051e+02	2.955749213e+09	2.298161181e+07	2.996341813e+12	1.270973024e+13	
5.945750527e+02	3.144184324e+09	2.466295924e+07	3.103969710e+12	1.273801049e+13	
5.927758484e+02	3.344133564e+09	2.646287271e+07	3.215187434e+12	1.276628180e+13	
5.909811807e+02	3.556274406e+09	2.838944357e+07	3.330106676e+12	1.279454404e+13	
5.891910381e+02	3.781322543e+09	3.045129352e+07	3.448842245e+12	1.282279711e+13	
5.874054093e+02	4.020033674e+09	3.265760763e+07	3.571512156e+12	1.285104088e+13	
5.856242828e+02	4.273206158e+09	3.501817704e+07	3.698237895e+12	1.287927521e+13	
5.838476474e+02	4.541682733e+09	3.754342734e+07	3.829144255e+12	1.290750000e+13	
5.820754916e+02	4.826353285e+09	4.024446412e+07	3.964359557e+12	1.293571512e+13	
5.803078042e+02	5.128157758e+09	4.313312158e+07	4.104015909e+12	1.296392045e+13	
5.785445740e+02	5.448088076e+09	4.622200227e+07	4.248249131e+12	1.299211588e+13	
5.767857896e+02	5.787191431e+09	4.952452445e+07	4.397198844e+12	1.302030127e+13	
5.750314399e+02	6.146572271e+09	5.305495949e+07	4.551008269e+12	1.304847652e+13	
5.732815137e+02	6.527397080e+09	5.682851527e+07	4.709825000e+12	1.307664150e+13	
5.715359998e+02	6.930896521e+09	6.086137186e+07	4.873800646e+12	1.310479609e+13	
5.697948871e+02	7.358368097e+09	6.517074394e+07	5.043090924e+12	1.313294019e+13	
5.680581646e+02	7.811180618e+09	6.977495265e+07	5.217855980e+12	1.316107365e+13	
5.663258210e+02	8.290777867e+09	7.469348581e+07	5.398260311e+12	1.318919638e+13	
5.645978455e+02	8.798683234e+09	7.994707575e+07	5.584473010e+12	1.321730825e+13	
5.628742270e+02	9.336502371e+09	8.555776603e+07	5.776667721e+12	1.324540914e+13	
5.611549545e+02	9.905927546e+09	9.154899499e+07	5.975022791e+12	1.327349893e+13	
5.594400171e+02	1.050874381e+10	9.794570080e+07	6.179721725e+12	1.330157752e+13	
5.577294037e+02	1.114683192e+10	1.047743802e+08	6.390952815e+12	1.332964478e+13	
5.560231036e+02	1.182217400e+10	1.120631918e+08	6.608909356e+12	1.335770060e+13	
5.543211058e+02	1.253685979e+10	1.198420857e+08	6.833790241e+12	1.338574486e+13	
5.526233995e+02	1.329309046e+10	1.281428735e+08	7.065799506e+12	1.341377745e+13	
5.509299738e+02	1.409318571e+10	1.369993531e+08	7.305146678e+12	1.344179825e+13	
5.492408181e+02	1.493958781e+10	1.464474203e+08	7.552046797e+12	1.346980715e+13	
5.475559214e+02	1.583487019e+10	1.565252277e+08	7.806720970e+12	1.349780402e+13	
5.458752731e+02	1.678174354e+10	1.672733023e+08	8.069396287e+12	1.352578877e+13	
5.441988625e+02	1.778305903e+10	1.787346255e+08	8.340305262e+12	1.355376127e+13	
5.425266788e+02	1.884182089e+10	1.909548649e+08	8.619686956e+12	1.358172141e+13	
5.408587115e+02	1.996119361e+10	2.039825218e+08	8.907786991e+12	1.360966908e+13	
5.391949498e+02	2.114450539e+10	2.178690369e+08	9.204857033e+12	1.363760416e+13	
5.375353832e+02	2.239525999e+10	2.326690403e+08	9.511155780e+12	1.366552654e+13	
5.358800011e+02	2.371714595e+10	2.484405166e+08	9.826948820e+12	1.369343612e+13	
5.342287930e+02	2.511404296e+10	2.652449273e+08	1.015250810e+13	1.372133277e+13	
5.325817483e+02	2.659003395e+10	2.831475199e+08	1.048811316e+13	1.374921640e+13	
5.309388565e+02	2.814941492e+10	3.022175287e+08	1.083405101e+13	1.377708688e+13	
5.293001072e+02	2.979670143e+10	3.225283107e+08	1.119061543e+13	1.380494411e+13	
5.276654899e+02	3.153664452e+10	3.441576935e+08	1.155810819e+13	1.383278797e+13	
5.260349942e+02	3.337424218e+10	3.671882254e+08	1.193683915e+13	1.386061836e+13	
5.244086096e+02	3.531474444e+10	3.917073493e+08	1.232712553e+13	1.388843517e+13	
5.227863260e+02	3.736367598e+10	4.178078048e+08	1.272929310e+13	1.391623828e+13	
5.211681328e+02	3.952684353e+10	4.455878653e+08	1.314367587e+13	1.394402759e+13	
5.195540198e+02	4.181035214e+10	4.751517036e+08	1.357061659e+13	1.397180299e+13	
5.179439766e+02	4.422061601e+10	5.066096825e+08	1.401046666e+13	1.399956437e+13	
5.163379932e+02	4.676437184e+10	5.400786935e+08	1.446358621e+13	1.402731162e+13	
5.147360591e+02	4.944870190e+10	5.756825770e+08	1.493034463e+13	1.405504464e+13	
5.131381641e+02	5.228104787e+10	6.135524912e+08	1.541112057e+13	1.408276332e+13	
5.115442982e+02	5.526922830e+10	6.538273567e+08	1.590630241e+13	1.411046755e+13	
5.099544512e+02	5.842145348e+10	6.966542696e+08	1.641628828e+13	1.413815723e+13	
5.083686128e+02	6.174634371e+10	7.421889095e+08	1.694148602e+13	1.416583225e+13	
5.067867730e+02	6.525295065e+10	7.905960567e+08	1.748231347e+13	1.419349249e+13	
5.052089218e+02	6.895078649e+10	8.420502490e+08	1.803919966e+13	1.422113787e+13	
5.036350490e+02	7.284983222e+10	8.967361491e+08	1.861258406e+13	1.424876827e+13	
5.020651447e+02	7.696055993e+10	9.548490252e+08	1.920291631e+13	1.427638360e+13	
5.004991987e+02	8.129396602e+10	1.016595514e+09	1.981065736e+13	1.430398373e+13	
4.989372012e+02	8.586159294e+10	1.082194313e+09	2.043628006e+13	1.433156858e+13	
4.973791422e+02	9.067555569e+10	1.151876785e+09	2.108026906e+13	1.435913803e+13	
4.958250118e+02	9.574856393e+10	1.225887550e+09	2.174312058e+13	1.438669200e+13	
4.942748000e+02	1.010939416e+11	1.304485050e+09	2.242534193e+13	1.441423036e+13	
4.927284970e+02	1.067256736e+11	1.387942736e+09	2.312745374e+13	1.444175302e+13	
4.911860928e+02	1.126584316e+11	1.476549771e+09	2.384998951e+13	1.446925988e+13	
4.896475778e+02	1.189076008e+11	1.570611720e+09	2.459349533e+13	1.449675084e+13	
4.881129421e+02	1.254893097e+11	1.670451466e+09	2.535853028e+13	1.452422579e+13	
4.865821758e+02	1.324204711e+11	1.776410230e+09	2.614566698e+13	1.455168463e+13	
4.850552693e+02	1.397188212e+11	1.888848676e+09	2.695549220e+13	1.457912727e+13	
4.835322128e+02	1.474029492e+11	2.008147715e+09	2.778860636e+13	1.460655361e+13	
4.820129965e+02	1.554923367e+11	2.134709651e+09	2.864562407e+13	1.463396353e+13	
4.804976109e+02	1.640073985e+11	2.268959432e+09	2.952717460e+13	1.466135695e+13	
4.789860463e+02	1.729695344e+11	2.411345869e+09	3.043390233e+13	1.468873377e+13	
4.774782930e+02	1.824011714e+11	2.562342988e+09	3.136646733e+13	1.471609388e+13	
4.759743414e+02	1.923257997e+11	2.722451075e+09	3.232554468e+13	1.474343719e+13	
4.744741819e+02	2.027680179e+11	2.892198104e+09	3.331182483e+13	1.477076361e+13	
4.729778050e+02	2.137535989e+11	3.072141538e+09	3.432601505e+13	1.479807302e+13	
4.714852011e+02	2.253095341e+11	3.262869695e+09	3.536883917e+13	1.482536535e+13	
4.699963607e+02	2.374640867e+11	3.465003339e+09	3.644103769e+13	1.485264048e+13	
4.685112743e+02	2.502468607e+11	3.679197569e+09	3.754336873e+13	1.487989833e+13	
4.670299326e+02	2.636888391e+11	3.906143462e+09	3.867660790e+13	1.490713880e+13	
4.655523259e+02	2.778224476e+11	4.146569566e+09	3.984154769e+13	1.493436179e+13	
4.640784449e+02	2.926816683e+11	4.401244909e+09	4.103900048e+13	1.496156721e+13	
4.626082802e+02	3.083020410e+11	4.670980356e+09	4.226979698e+13	1.498875497e+13	
4.611418225e+02	3.247207252e+11	4.956630167e+09	4.353478512e+13	1.501592497e+13	
4.596790624e+02	3.419766289e+11	5.259095191e+09	4.483483310e+13	1.504307711e+13	
4.582199905e+02	3.601104581e+11	5.579325366e+09	4.617082942e+13	1.507021130e+13	
4.567645976e+02	3.791648107e+11	5.918322139e+09	4.754368307e+13	1.509732745e+13	
4.553128743e+02	3.991842396e+11	6.277140681e+09	4.895432319e+13	1.512442547e+13	
4.538648115e+02	4.202153413e+11	6.656892991e+09	5.040370017e+13	1.515150527e+13	
4.524204000e+02	4.423068300e+11	7.058750176e+09	5.189278480e+13	1.517856674e+13	
4.509796304e+02	4.655096328e+11	7.483945551e+09	5.342256902e+13	1.520560981e+13	
4.495424936e+02	4.898770558e+11	7.933779674e+09	5.499406945e+13	1.523263438e+13	
4.481089805e+02	5.154647978e+11	8.409621717e+09	5.660832427e+13	1.525964036e+13	
4.466790819e+02	5.423310440e+11	8.912912909e+09	5.826639392e+13	1.528662766e+13	
4.452527887e+02	5.705366681e+11	9.445171835e+09	5.996936395e+13	1.531359619e+13	
4.438300919e+02	6.001452707e+11	1.000799659e+10	6.171834290e+13	1.534054587e+13	
4.424109822e+02	6.312232636e+11	1.060306878e+10	6.351446269e+13	1.536747660e+13	
4.409954508e+02	6.638400634e+11	1.123215883e+10	6.535888066e+13	1.539438829e+13	
4.395834886e+02	6.980682298e+11	1.189713034e+10	6.725278042e+13	1.542128085e+13	
4.381750865e+02	7.339835386e+11	1.259994466e+10	6.919737149e+13	1.544815421e+13	
4.367702357e+02	7.716650979e+11	1.334266444e+10	7.119388855e+13	1.547500827e+13	
4.353689271e+02	8.111955997e+11	1.412746035e+10	7.324359413e+13	1.550184295e+13	
4.339711518e+02	8.526613788e+11	1.495661532e+10	7.534777744e+13	1.552865815e+13	
4.325769009e+02	8.961525252e+11	1.583252961e+10	7.750775438e+13	1.555545380e+13	
4.311861656e+02	9.417631795e+11	1.675772981e+10	7.972487232e+13	1.558222980e+13	
4.297989369e+02	9.895915519e+11	1.773487088e+10	8.200050537e+13	1.560898608e+13	
4.284152060e+02	1.039740205e+12	1.876674419e+10	8.433605691e+13	1.563572255e+13	
4.270349641e+02	1.092316224e+12	1.985628479e+10	8.673296107e+13	1.566243912e+13	
4.256582024e+02	1.147431255e+12	2.100657700e+10	8.919268170e+13	1.568913572e+13	
4.242849122e+02	1.205201818e+12	2.222086231e+10	9.171671352e+13	1.571581225e+13	
4.229150846e+02	1.265749557e+12	2.350254777e+10	9.430658338e+13	1.574246864e+13	
4.215487110e+02	1.329201361e+12	2.485521357e+10	9.696385081e+13	1.576910480e+13	
4.201857825e+02	1.395689543e+12	2.628261915e+10	9.969010615e+13	1.579572066e+13	
4.188262907e+02	1.465352153e+12	2.778871495e+10	1.024869744e+14	1.582231612e+13	
4.174702267e+02	1.538333229e+12	2.937765094e+10	1.053561149e+14	1.584889111e+13	
4.161175820e+02	1.614782846e+12	3.105378358e+10	1.082992199e+14	1.587544555e+13	
4.147683478e+02	1.694857564e+12	3.282168895e+10	1.113180178e+14	1.590197936e+13	
4.134225157e+02	1.778720670e+12	3.468617303e+10	1.144142739e+14	1.592849247e+13	
4.120800770e+02	1.866542261e+12	3.665227830e+10	1.175897873e+14	1.595498478e+13	
4.107410232e+02	1.958499701e+12	3.872529907e+10	1.208463952e+14	1.598145622e+13	
4.094053458e+02	2.054777882e+12	4.091079373e+10	1.241859735e+14	1.600790672e+13	
4.080730362e+02	2.155569499e+12	4.321459399e+10	1.276104350e+14	1.603433619e+13	
4.067440859e+02	2.261075264e+12	4.564281897e+10	1.311217318e+14	1.606074457e+13	
4.054184865e+02	2.371504442e+12	4.820188939e+10	1.347218555e+14	1.608713176e+13	
4.040962295e+02	2.487075029e+12	5.089854212e+10	1.384128388e+14	1.611349771e+13	
4.027773065e+02	2.608013953e+12	5.373984214e+10	1.421967543e+14	1.613984232e+13	
4.014617091e+02	2.734557801e+12	5.673320215e+10	1.460757183e+14	1.616616554e+13	
4.001494289e+02	2.866952897e+12	5.988639335e+10	1.500518875e+14	1.619246727e+13	
3.988404576e+02	3.005455651e+12	6.320756214e+10	1.541309081e+14	1.621874745e+13	
3.975347867e+02	3.150333184e+12	6.670525522e+10	1.583151914e+14	1.624500600e+13	
3.962324080e+02	3.301863708e+12	7.038843099e+10	1.626037702e+14	1.627124285e+13	
3.949333132e+02	3.460336785e+12	7.426647679e+10	1.669989945e+14	1.629745793e+13	
3.936374940e+02	3.626053930e+12	7.834923847e+10	1.715032647e+14	1.632365116e+13	
3.923449421e+02	3.799328703e+12	8.264702728e+10	1.761190254e+14	1.634982248e+13	
3.910556493e+02	3.980487500e+12	8.717064327e+10	1.808487669e+14	1.637597181e+13	
3.897696073e+02	4.169870387e+12	9.193141774e+10	1.856950381e+14	1.640209909e+13	
3.884868081e+02	4.367830916e+12	9.694121154e+10	1.906604320e+14	1.642820423e+13	
3.872072434e+02	4.574736821e+12	1.022124412e+11	1.957475881e+14	1.645428718e+13	
3.859309050e+02	4.790970960e+12	1.077581273e+11	2.009592068e+14	1.648034786e+13	
3.846577848e+02	5.016931633e+12	1.135919026e+11	2.062980390e+14	1.650638622e+13	
3.833878747e+02	5.253032791e+12	1.197280302e+11	2.117668841e+14	1.653240216e+13	
3.821211667e+02	5.499705108e+12	1.261814501e+11	2.173685989e+14	1.655839564e+13	
3.808576525e+02	5.757396669e+12	1.329678085e+11	2.231060968e+14	1.658436658e+13	
3.795973243e+02	6.026573160e+12	1.401034829e+11	2.289823486e+14	1.661031491e+13	
3.783401738e+02	6.307718807e+12	1.476056088e+11	2.350003794e+14	1.663624058e+13	
3.770861932e+02	6.601337217e+12	1.554921251e+11	2.411632744e+14	1.666214352e+13	
3.758353745e+02	6.907951620e+12	1.637817944e+11	2.474741751e+14	1.668802365e+13	
3.745877096e+02	7.228105968e+12	1.724942509e+11	2.539362842e+14	1.671388093e+13	
3.733431907e+02	7.562365639e+12	1.816500404e+11	2.605528668e+14	1.673971527e+13	
3.721018097e+02	7.911318190e+12	1.912706557e+11	2.673272502e+14	1.676552663e+13	
3.708635588e+02	8.275574043e+12	2.013785738e+11	2.742628240e+14	1.679131494e+13	
3.696284300e+02	8.655767433e+12	2.119972954e+11	2.813630399e+14	1.681708013e+13	
3.683964156e+02	9.052557315e+12	2.231514016e+11	2.886314159e+14	1.684282215e+13	
3.671675076e+02	9.466628318e+12	2.348665986e+11	2.960715382e+14	1.686854093e+13	
3.659416983e+02	9.898692069e+12	2.471697670e+11	3.036870620e+14	1.689423642e+13	
3.647189797e+02	1.034948686e+13	2.600889921e+11	3.114817061e+14	1.691990856e+13	
3.634993442e+02	1.081977951e+13	2.736536384e+11	3.194592609e+14	1.694555728e+13	
3.622827839e+02	1.131036656e+13	2.878943886e+11	3.276235866e+14	1.697118253e+13	
3.610692911e+02	1.182207492e+13	3.028433098e+11	3.359786151e+14	1.699678426e+13	
3.598588580e+02	1.235576348e+13	3.185339199e+11	3.445283531e+14	1.702236240e+13	
3.586514770e+02	1.291232336e+13	3.350012302e+11	3.532768795e+14	1.704791690e+13	
3.574471403e+02	1.349267963e+13	3.522818197e+11	3.622283498e+14	1.707344770e+13	
3.562458403e+02	1.409779255e+13	3.704138845e+11	3.713869924e+14	1.709895475e+13	
3.550475693e+02	1.472865875e+13	3.894373251e+11	3.807571151e+14	1.712443800e+13	
3.538523197e+02	1.538631262e+13	4.093938274e+11	3.903431080e+14	1.714989738e+13	
3.526600838e+02	1.607182739e+13	4.303269085e+11	4.001494374e+14	1.717533286e+13	
3.514708541e+02	1.678631637e+13	4.522820004e+11	4.101806506e+14	1.720074437e+13	
3.502846229e+02	1.753093433e+13	4.753065358e+11	4.204413773e+14	1.722613186e+13	
3.491013828e+02	1.830688003e+13	4.994500442e+11	4.309363340e+14	1.725149529e+13	
3.479211261e+02	1.911539630e+13	5.247642317e+11	4.416703242e+14	1.727683460e+13	
3.467438454e+02	1.995777147e+13	5.513030271e+11	4.526482309e+14	1.730214975e+13	
3.455695331e+02	2.083534269e+13	5.791227188e+11	4.638750274e+14	1.732744068e+13	
3.443981818e+02	2.174949568e+13	6.082820346e+11	4.753557743e+14	1.735270735e+13	
3.432297840e+02	2.270166785e+13	6.388422728e+11	4.870956266e+14	1.737794971e+13	
3.420643322e+02	2.369335018e+13	6.708674071e+11	4.990998368e+14	1.740316771e+13	
3.409018191e+02	2.472608687e+13	7.044241194e+11	5.113737408e+14	1.742836131e+13	
3.397422371e+02	2.580147899e+13	7.395819699e+11	5.239227719e+14	1.745353047e+13	
3.385855790e+02	2.692118738e+13	7.764135322e+11	5.367524636e+14	1.747867513e+13	
3.374318373e+02	2.808693195e+13	8.149944736e+11	5.498684454e+14	1.750379525e+13	
3.362810047e+02	2.930049441e+13	8.554036726e+11	5.632764433e+14	1.752889081e+13	
3.351330739e+02	3.056372249e+13	8.977233838e+11	5.769822865e+14	1.755396173e+13	
3.339880375e+02	3.187853062e+13	9.420393710e+11	5.909919083e+14	1.757900800e+13	
3.328458883e+02	3.324690171e+13	9.884410382e+11	6.053113459e+14	1.760402957e+13	
3.317066189e+02	3.467089006e+13	1.037021542e+12	6.199467394e+14	1.762902640e+13	
3.305702221e+02	3.615262333e+13	1.087877965e+12	6.349043356e+14	1.765399846e+13	
3.294366907e+02	3.769430552e+13	1.141111504e+12	6.501904929e+14	1.767894569e+13	
3.283060174e+02	3.929821963e+13	1.196827603e+12	6.658116806e+14	1.770386808e+13	
3.271781950e+02	4.096672916e+13	1.255136081e+12	6.817744749e+14	1.772876557e+13	
3.260532164e+02	4.270228261e+13	1.316151363e+12	6.980855705e+14	1.775363814e+13	
3.249310744e+02	4.450741536e+13	1.379992725e+12	7.147517868e+14	1.777848575e+13	
3.238117617e+02	4.638474991e+13	1.446784282e+12	7.317800422e+14	1.780330837e+13	
3.226952714e+02	4.833700318e+13	1.516655323e+12	7.491773815e+14	1.782810597e+13	
3.215815962e+02	5.036698893e+13	1.589740581e+12	7.669509845e+14	1.785287851e+13	
3.204707291e+02	5.247761736e+13	1.666180260e+12	7.851081413e+14	1.787762596e+13	
3.193626629e+02	5.467190056e+13	1.746120358e+12	8.036562687e+14	1.790235917e+13	
3.182573907e+02	5.695295703e+13	1.829712866e+12	8.226029085e+14	1.792707861e+13	
3.171549054e+02	5.932401391e+13	1.917115973e+12	8.419557314e+14	1.795177393e+13	
3.160551999e+02	6.178840879e+13	2.008494402e+12	8.617225441e+14	1.797644515e+13	
3.149582673e+02	6.434959566e+13	2.104019536e+12	8.819112785e+14	1.800109229e+13	
3.138641005e+02	6.701114903e+13	2.203869733e+12	9.025300042e+14	1.802571539e+13	
3.127726926e+02	6.977676639e+13	2.308230641e+12	9.235869350e+14	1.805031446e+13	
3.116840366e+02	7.265027222e+13	2.417295415e+12	9.450904198e+14	1.807488955e+13	
3.105981256e+02	7.563562366e+13	2.531265100e+12	9.670489571e+14	1.809944069e+13	
3.095149527e+02	7.873691090e+13	2.650348706e+12	9.894711758e+14	1.812396792e+13	
3.084345109e+02	8.195836216e+13	2.774763535e+12	1.012365841e+15	1.814847127e+13	
3.073567934e+02	8.530435602e+13	2.904735862e+12	1.035741889e+15	1.817295080e+13	
3.062817933e+02	8.877941458e+13	3.040500871e+12	1.059608390e+15	1.819740656e+13	
3.052095037e+02	9.238821483e+13	3.182303129e+12	1.083974569e+15	1.822183860e+13	
3.041399179e+02	9.613559609e+13	3.330397189e+12	1.108849826e+15	1.824624699e+13	
3.030730290e+02	1.000265558e+14	3.485047461e+12	1.134243979e+15	1.827063177e+13	
3.020088301e+02	1.040662642e+14	3.646528920e+12	1.160166745e+15	1.829499303e+13	
3.009473146e+02	1.082600598e+14	3.815127328e+12	1.186627720e+15	1.831933082e+13	
2.998884756e+02	1.126134642e+14	3.991139832e+12	1.213651164e+15	1.834364561e+13	
2.988323065e+02	1.171321888e+14	4.174875530e+12	1.241247841e+15	1.836793748e+13	
2.977788003e+02	1.218221253e+14	4.366655221e+12	1.269414510e+15	1.839220617e+13	
2.967279506e+02	1.266893688e+14	4.566812570e+12	1.298161764e+15	1.841645176e+13	
2.956797505e+02	1.317402172e+14	4.775694301e+12	1.327500372e+15	1.844067436e+13	
2.946341934e+02	1.369811743e+14	4.993660482e+12	1.357441271e+15	1.846487406e+13	
2.935912726e+02	1.424189619e+14	5.221085386e+12	1.387995601e+15	1.848905097e+13	
2.925509814e+02	1.480605200e+14	5.458357655e+12	1.419174657e+15	1.851320521e+13	
2.915133133e+02	1.539130250e+14	5.705881359e+12	1.450989960e+15	1.853733689e+13	
2.904782616e+02	1.599838862e+14	5.964076076e+12	1.483453215e+15	1.856144613e+13	
2.894458198e+02	1.662807526e+14	6.233377309e+12	1.516576298e+15	1.858553307e+13	
2.884159812e+02	1.728115305e+14	6.514237755e+12	1.550371307e+15	1.860959785e+13	
2.873887392e+02	1.795843833e+14	6.807127560e+12	1.584850548e+15	1.863364061e+13	
2.863640874e+02	1.866077399e+14	7.112534677e+12	1.620026515e+15	1.865766149e+13	
2.853420192e+02	1.938903006e+14	7.430965727e+12	1.655911916e+15	1.868166067e+13	
2.843225281e+02	2.014410486e+14	7.762946573e+12	1.692519651e+15	1.870563829e+13	
2.833056075e+02	2.092692675e+14	8.109023674e+12	1.729862869e+15	1.872959454e+13	
2.822912511e+02	2.173845373e+14	8.469764083e+12	1.767954933e+15	1.875352959e+13	
2.812794523e+02	2.257967426e+14	8.845756065e+12	1.806809404e+15	1.877744364e+13	
2.802702047e+02	2.345160944e+14	9.237610752e+12	1.846440101e+15	1.880133687e+13	
2.792635019e+02	2.435531366e+14	9.645962394e+12	1.886861067e+15	1.882520949e+13	
2.782593374e+02	2.529187410e+14	1.007146877e+13	1.928086561e+15	1.884906172e+13	
2.772577048e+02	2.626241358e+14	1.051481282e+13	1.970131098e+15	1.887289377e+13	
2.762585978e+02	2.726809087e+14	1.097670318e+13	2.013009434e+15	1.889670588e+13	
2.752620100e+02	2.831010115e+14	1.145787476e+13	2.056736550e+15	1.892049830e+13	
2.742679350e+02	2.938967889e+14	1.195909059e+13	2.101327711e+15	1.894427125e+13	
2.732763666e+02	3.050809760e+14	1.248114219e+13	2.146798427e+15	1.896802503e+13	
2.722872983e+02	3.166667118e+14	1.302485060e+13	2.193164467e+15	1.899175988e+13	
2.713007239e+02	3.286675576e+14	1.359106771e+13	2.240441874e+15	1.901547610e+13	
2.703166371e+02	3.410975002e+14	1.418067680e+13	2.288646941e+15	1.903917397e+13	
2.693350316e+02	3.539709752e+14	1.479459442e+13	2.337796255e+15	1.906285381e+13	
2.683559011e+02	3.673028767e+14	1.543377102e+13	2.387906676e+15	1.908651593e+13	
2.673792395e+02	3.811085543e+14	1.609919170e+13	2.438995324e+15	1.911016065e+13	
2.664050405e+02	3.954038548e+14	1.679187898e+13	2.491079641e+15	1.913378832e+13	
2.654332979e+02	4.102051269e+14	1.751289277e+13	2.544177350e+15	1.915739929e+13	
2.644640054e+02	4.255292224e+14	1.826333156e+13	2.598306458e+15	1.918099393e+13	
2.634971570e+02	4.413935405e+14	1.904433533e+13	2.653485321e+15	1.920457262e+13	
2.625327464e+02	4.578160260e+14	1.985708614e+13	2.709732597e+15	1.922813576e+13	
2.615707676e+02	4.748151761e+14	2.070280900e+13	2.767067249e+15	1.925168376e+13	
2.606112143e+02	4.924100727e+14	2.158277411e+13	2.825508561e+15	1.927521703e+13	
2.596540804e+02	5.106203915e+14	2.249829789e+13	2.885076142e+15	1.929873603e+13	
2.586993600e+02	5.294664157e+14	2.345074418e+13	2.945789918e+15	1.932224121e+13	
2.577470467e+02	5.489690831e+14	2.444152864e+13	3.007670215e+15	1.934573304e+13	
2.567971347e+02	5.691499727e+14	2.547211739e+13	3.070737673e+15	1.936921202e+13	
2.558496179e+02	5.900313287e+14	2.654402961e+13	3.135013266e+15	1.939267865e+13	
2.549044901e+02	6.116361044e+14	2.765884143e+13	3.200518382e+15	1.941613345e+13	
2.539617455e+02	6.339879642e+14	2.881818531e+13	3.267274759e+15	1.943957699e+13	
2.530213779e+02	6.571113082e+14	3.002375343e+13	3.335304513e+15	1.946300981e+13	
2.520833814e+02	6.810312898e+14	3.127729894e+13	3.404630130e+15	1.948643250e+13	
2.511477500e+02	7.057738339e+14	3.258063783e+13	3.475274465e+15	1.950984568e+13	
2.502144777e+02	7.313656793e+14	3.393565312e+13	3.547260812e+15	1.953324995e+13	
2.492835587e+02	7.578344117e+14	3.534429676e+13	3.620612900e+15	1.955664598e+13	
2.483549869e+02	7.852084561e+14	3.680859025e+13	3.695354834e+15	1.958003443e+13	
2.474287564e+02	8.135171061e+14	3.833062736e+13	3.771511127e+15	1.960341600e+13	
2.465048614e+02	8.427905679e+14	3.991257803e+13	3.849106741e+15	1.962679141e+13	
2.455832959e+02	8.730600026e+14	4.155669168e+13	3.928167115e+15	1.965016139e+13	
2.446640541e+02	9.043575329e+14	4.326529875e+13	4.008718149e+15	1.967352671e+13	
2.437471301e+02	9.367162369e+14	4.504081139e+13	4.090786135e+15	1.969688818e+13	
2.428325181e+02	9.701702439e+14	4.688572982e+13	4.174397868e+15	1.972024661e+13	
2.419202122e+02	1.004754757e+15	4.880264605e+13	4.259580654e+15	1.974360286e+13	
2.410102066e+02	1.040506042e+15	5.079424408e+13	4.346362278e+15	1.976695779e+13	
2.401024956e+02	1.077461489e+15	5.286330302e+13	4.434771017e+15	1.979031286e+13	
2.391970733e+02	1.115659656e+15	5.501270383e+13	4.524835681e+15	1.981366902e+13	
2.382939340e+02	1.155140279e+15	5.724543013e+13	4.616585588e+15	1.983702673e+13	
2.373930719e+02	1.195944317e+15	5.956457242e+13	4.710050576e+15	1.986038699e+13	
2.364944812e+02	1.238114009e+15	6.197333322e+13	4.805261082e+15	1.988375084e+13	
2.355981563e+02	1.281692886e+15	6.447502842e+13	4.902248058e+15	1.990711936e+13	
2.347040915e+02	1.326725839e+15	6.707309409e+13	5.001043055e+15	1.993049366e+13	
2.338122810e+02	1.373259164e+15	6.977108972e+13	5.101678225e+15	1.995387488e+13	
2.329227191e+02	1.421340574e+15	7.257270321e+13	5.204186315e+15	1.997726420e+13	
2.320354002e+02	1.471019248e+15	7.548175319e+13	5.308600670e+15	2.000066286e+13	
2.311503186e+02	1.522345902e+15	7.850219594e+13	5.414955284e+15	2.002407211e+13	
2.302674687e+02	1.575372816e+15	8.163812944e+13	5.523284774e+15	2.004749327e+13	
2.293868449e+02	1.630153908e+15	8.489379965e+13	5.633624422e+15	2.007092768e+13	
2.285084415e+02	1.686744767e+15	8.827360622e+13	5.746010237e+15	2.009437675e+13	
2.276322529e+02	1.745202699e+15	9.178210544e+13	5.860478879e+15	2.011784191e+13	
2.267582736e+02	1.805586813e+15	9.542401649e+13	5.977067706e+15	2.014132466e+13	
2.258864980e+02	1.867958039e+15	9.920422749e+13	6.095814797e+15	2.016482652e+13	
2.250169205e+02	1.932379221e+15	1.031278059e+14	6.216759027e+15	2.018834910e+13	
2.241495357e+02	1.998915167e+15	1.072000008e+14	6.339940011e+15	2.021189404e+13	
2.232843378e+02	2.067632705e+15	1.114262489e+14	6.465398131e+15	2.023546303e+13	
2.224213216e+02	2.138600757e+15	1.158121840e+14	6.593174598e+15	2.025905782e+13	
2.215604813e+02	2.211890411e+15	1.203636425e+14	6.723311438e+15	2.028268023e+13	
2.207018116e+02	2.287574979e+15	1.250866711e+14	6.855851512e+15	2.030633214e+13	
2.198453071e+02	2.365730088e+15	1.299875371e+14	6.990838576e+15	2.033001547e+13	
2.189909621e+02	2.446433744e+15	1.350727342e+14	7.128317258e+15	2.035373221e+13	
2.181387713e+02	2.529766402e+15	1.403489899e+14	7.268333059e+15	2.037748444e+13	
2.172887293e+02	2.615811078e+15	1.458232774e+14	7.410932487e+15	2.040127428e+13	
2.164408306e+02	2.704653418e+15	1.515028210e+14	7.556162959e+15	2.042510394e+13	
2.155950698e+02	2.796381803e+15	1.573951101e+14	7.704072899e+15	2.044897569e+13	
2.147514416e+02	2.891087390e+15	1.635079077e+14	7.854711804e+15	2.047289188e+13	
2.139099405e+02	2.988864230e+15	1.698492561e+14	8.008130134e+15	2.049685495e+13	
2.130705612e+02	3.089809433e+15	1.764274934e+14	8.164379418e+15	2.052086739e+13	
2.122332984e+02	3.194023192e+15	1.832512635e+14	8.323512336e+15	2.054493181e+13	
2.113981467e+02	3.301608902e+15	1.903295271e+14	8.485582691e+15	2.056905088e+13	
2.105651007e+02	3.412673305e+15	1.976715741e+14	8.650645458e+15	2.059322736e+13	
2.097341553e+02	3.527326590e+15	2.052870344e+14	8.818756770e+15	2.061746412e+13	
2.089053050e+02	3.645682516e+15	2.131858963e+14	8.989974013e+15	2.064176411e+13	
2.080785446e+02	3.767858562e+15	2.213785176e+14	9.164355879e+15	2.066613039e+13	
2.072538689e+02	3.893975974e+15	2.298756351e+14	9.341962314e+15	2.069056611e+13	
2.064312725e+02	4.024159946e+15	2.386883859e+14	9.522854632e+15	2.071507453e+13	
2.056107502e+02	4.158539866e+15	2.478283250e+14	9.707095565e+15	2.073965903e+13	
2.047922969e+02	4.297249297e+15	2.573074357e+14	9.894749209e+15	2.076432310e+13	
2.039759072e+02	4.440426223e+15	2.671381486e+14	1.008588117e+16	2.078907033e+13	
2.031615760e+02	4.588213189e+15	2.773333585e+14	1.028055852e+16	2.081390445e+13	
2.023492981e+02	4.740757445e+15	2.879064459e+14	1.047884990e+16	2.083882932e+13	
2.015390683e+02	4.898211269e+15	2.988713045e+14	1.068082565e+16	2.086384891e+13	
2.007308815e+02	5.060731933e+15	3.102423466e+14	1.088655768e+16	2.088896735e+13	
1.999247324e+02	5.228481963e+15	3.220330315e+14	1.109611958e+16	2.091418889e+13	
1.991206161e+02	5.401629404e+15	3.342587843e+14	1.130958676e+16	2.093951792e+13	
1.983185272e+02	5.580347993e+15	3.469371083e+14	1.152703648e+16	2.096495901e+13	
1.975184608e+02	5.764817414e+15	3.600847306e+14	1.174854786e+16	2.099051687e+13	
1.967204117e+02	5.955223403e+15	3.737190134e+14	1.197420187e+16	2.101619637e+13	
1.959243748e+02	6.151758086e+15	3.878579899e+14	1.220408155e+16	2.104200255e+13	
1.951303451e+02	6.354620264e+15	4.025203966e+14	1.243827212e+16	2.106794064e+13	
1.943383174e+02	6.564015537e+15	4.177256883e+14	1.267686072e+16	2.109401602e+13	
1.935482869e+02	6.780156655e+15	4.334940802e+14	1.291993678e+16	2.112023429e+13	
1.927602483e+02	7.003263829e+15	4.498465849e+14	1.316759211e+16	2.114660121e+13	
1.919741968e+02	7.233565002e+15	4.668050392e+14	1.341992083e+16	2.117312278e+13	
1.911901272e+02	7.471296161e+15	4.843921374e+14	1.367701945e+16	2.119980520e+13	
1.904080346e+02	7.716701618e+15	5.026314725e+14	1.393898706e+16	2.122665488e+13	
1.896279140e+02	7.970034437e+15	5.215475812e+14	1.420592539e+16	2.125367846e+13	
1.888497605e+02	8.231556643e+15	5.411659710e+14	1.447793874e+16	2.128088281e+13	
1.880735690e+02	8.501539777e+15	5.615131807e+14	1.475513428e+16	2.130827507e+13	
1.872993346e+02	8.780265249e+15	5.826168237e+14	1.503762219e+16	2.133586261e+13	
1.865270524e+02	9.068024567e+15	6.045056200e+14	1.532551550e+16	2.136365307e+13	
1.857567175e+02	9.365120060e+15	6.272094655e+14	1.561893040e+16	2.139165438e+13	
1.849883250e+02	9.671865153e+15	6.507594827e+14	1.591798636e+16	2.141987475e+13	
1.842218699e+02	9.988584895e+15	6.751880795e+14	1.622280621e+16	2.144832268e+13	
1.834573473e+02	1.031561641e+16	7.005289971e+14	1.653351621e+16	2.147700698e+13	
1.826947525e+02	1.065330942e+16	7.268173759e+14	1.685024617e+16	2.150593679e+13	
1.819340805e+02	1.100202698e+16	7.540898291e+14	1.717312965e+16	2.153512161e+13	
1.811753265e+02	1.136214579e+16	7.823845088e+14	1.750230417e+16	2.156457125e+13	
1.804184857e+02	1.173405701e+16	8.117411846e+14	1.783791127e+16	2.159429589e+13	
1.796635532e+02	1.211816685e+16	8.422013128e+14	1.818009650e+16	2.162430612e+13	
1.789105242e+02	1.251489736e+16	8.738081399e+14	1.852901000e+16	2.165461290e+13	
1.781593939e+02	1.292468694e+16	9.066067603e+14	1.888480635e+16	2.168522761e+13	
1.774101575e+02	1.334799124e+16	9.406442211e+14	1.924764473e+16	2.171616206e+13	
1.766628103e+02	1.378528396e+16	9.759696320e+14	1.961768932e+16	2.174742850e+13	
1.759173475e+02	1.423705770e+16	1.012634255e+15	1.999510939e+16	2.177903966e+13	
1.751737644e+02	1.470382470e+16	1.050691609e+15	2.038007948e+16	2.181100873e+13	
1.744320561e+02	1.518611797e+16	1.090197607e+15	2.077277956e+16	2.184334943e+13	
1.736922180e+02	1.568449222e+16	1.131210660e+15	2.117339531e+16	2.187607600e+13	
1.729542454e+02	1.619952491e+16	1.173791812e+15	2.158211849e+16	2.190920324e+13	
1.722181336e+02	1.673181737e+16	1.218004879e+15	2.199914704e+16	2.194274650e+13	
1.714838778e+02	1.728199620e+16	1.263916612e+15	2.242468546e+16	2.197672174e+13	
1.707514733e+02	1.785071411e+16	1.311596840e+15	2.285894493e+16	2.201114555e+13	
1.700209156e+02	1.843865145e+16	1.361118628e+15	2.330214359e+16	2.204603517e+13	
1.692922000e+02	1.904651788e+16	1.412558488e+15	2.375450718e+16	2.208140851e+13	
1.685653218e+02	1.967505353e+16	1.465996548e+15	2.421626912e+16	2.211728421e+13	
1.678402763e+02	2.032503069e+16	1.521516726e+15	2.468767076e+16	2.215368162e+13	
1.671170590e+02	2.099725521e+16	1.579206954e+15	2.516896172e+16	2.219062089e+13	
1.663956653e+02	2.169256885e+16	1.639159472e+15	2.566040053e+16	2.222812294e+13	
1.656760905e+02	2.241185104e+16	1.701471019e+15	2.616225499e+16	2.226620958e+13	
1.649583301e+02	2.315602027e+16	1.766243068e+15	2.667480220e+16	2.230490346e+13	
1.642423794e+02	2.392603681e+16	1.833582126e+15	2.719832932e+16	2.234422815e+13	
1.635282340e+02	2.472290553e+16	1.903600113e+15	2.773313428e+16	2.238420819e+13	
1.628158893e+02	2.554767735e+16	1.976414587e+15	2.827952591e+16	2.242486913e+13	
1.621053407e+02	2.640145198e+16	2.052149073e+15	2.883782429e+16	2.246623752e+13	
1.613965837e+02	2.728538132e+16	2.130933542e+15	2.940836178e+16	2.250834106e+13	
1.606896138e+02	2.820067192e+16	2.212904704e+15	2.999148331e+16	2.255120855e+13	
1.599844265e+02	2.914867358e+16	2.298206530e+15	3.058754730e+16	2.259486999e+13	
1.592810173e+02	3.013071795e+16	2.386990603e+15	3.119692591e+16	2.263935663e+13	
1.585793817e+02	3.114811821e+16	2.479416652e+15	3.182000586e+16	2.268470101e+13	
1.578795152e+02	3.220233558e+16	2.575653113e+15	3.245718920e+16	2.273093702e+13	
1.571814134e+02	3.329490422e+16	2.675877670e+15	3.310889423e+16	2.277809998e+13	
1.564850718e+02	3.442743564e+16	2.780277871e+15	3.377555599e+16	2.282622670e+13	
1.557904860e+02	3.560162411e+16	2.889051834e+15	3.445762731e+16	2.287535553e+13	
1.550976516e+02	3.681925191e+16	3.002408945e+15	3.515558006e+16	2.292552643e+13	
1.544065641e+02	3.808219360e+16	3.120570573e+15	3.586990558e+16	2.297678105e+13	
1.537172191e+02	3.939242371e+16	3.243771063e+15	3.660111613e+16	2.302916283e+13	
1.530296123e+02	4.075202253e+16	3.372258532e+15	3.734974579e+16	2.308271705e+13	
1.523437392e+02	4.216318257e+16	3.506295950e+15	3.811635186e+16	2.313749092e+13	
1.516595956e+02	4.362821600e+16	3.646162150e+15	3.890151582e+16	2.319353368e+13	
1.509771769e+02	4.514956312e+16	3.792152955e+15	3.970584482e+16	2.325089666e+13	
1.502964790e+02	4.672980132e+16	3.944582614e+15	4.052997329e+16	2.330963343e+13	
1.496174973e+02	4.837165430e+16	4.103785176e+15	4.137456423e+16	2.336979987e+13	
1.489402277e+02	5.007800171e+16	4.270115882e+15	4.224031076e+16	2.343145427e+13	
1.482646658e+02	5.185189093e+16	4.443952978e+15	4.312793833e+16	2.349465745e+13	
1.475908073e+02	5.369654907e+16	4.625699534e+15	4.403820634e+16	2.355947288e+13	
1.469186479e+02	5.561539468e+16	4.815785291e+15	4.497190956e+16	2.362596682e+13	
1.462481833e+02	5.761205422e+16	5.014669083e+15	4.592988153e+16	2.369420841e+13	
1.455794092e+02	5.969037659e+16	5.222841174e+15	4.691299608e+16	2.376426987e+13	
1.449123214e+02	6.185444791e+16	5.440825770e+15	4.792216938e+16	2.383622656e+13	
1.442469156e+02	6.410861209e+16	5.669184107e+15	4.895836340e+16	2.391015719e+13	
1.435831876e+02	6.645749049e+16	5.908517627e+15	5.002258839e+16	2.398614396e+13	
1.429211332e+02	6.890600422e+16	6.159471676e+15	5.111590638e+16	2.406427278e+13	
1.422607480e+02	7.145939645e+16	6.422739195e+15	5.223943369e+16	2.414463337e+13	
1.416020281e+02	7.412325743e+16	6.699064968e+15	5.339434436e+16	2.422731943e+13	
1.409449690e+02	7.690355832e+16	6.989251032e+15	5.458187560e+16	2.431242897e+13	
1.402895667e+02	7.980667959e+16	7.294161629e+15	5.580333085e+16	2.440006442e+13	
1.396358169e+02	8.283944390e+16	7.614729070e+15	5.706008352e+16	2.449033284e+13	
1.389837155e+02	8.600915799e+16	7.951960613e+15	5.835358295e+16	2.458334623e+13	
1.383332584e+02	8.932365493e+16	8.306946011e+15	5.968535997e+16	2.467922176e+13	
1.376844413e+02	9.279133629e+16	8.680865163e+15	6.105703122e+16	2.477808202e+13	
1.370372602e+02	9.642122778e+16	9.074997865e+15	6.247030648e+16	2.488005528e+13	
1.363917109e+02	1.002230393e+17	9.490734503e+15	6.392699589e+16	2.498527591e+13	
1.357477894e+02	1.042072231e+17	9.929586877e+15	6.542901602e+16	2.509388460e+13	
1.351054914e+02	1.083850471e+17	1.039320170e+16	6.697839878e+16	2.520602875e+13	
1.344648130e+02	1.127686747e+17	1.088337509e+16	6.857730009e+16	2.532186286e+13	
1.338257500e+02	1.173712530e+17	1.140206944e+16	7.022801005e+16	2.544154892e+13	
1.331882984e+02	1.222070118e+17	1.195143200e+16	7.193296308e+16	2.556525691e+13	
1.325524540e+02	1.272913696e+17	1.253381538e+16	7.369474860e+16	2.569316516e+13	
1.319182130e+02	1.326410676e+17	1.315180275e+16	7.551612658e+16	2.582546106e+13	
1.312855711e+02	1.382743073e+17	1.380823473e+16	7.740004069e+16	2.596234153e+13	
1.306545244e+02	1.442109017e+17	1.450623917e+16	7.934963294e+16	2.610401354e+13	
1.300250688e+02	1.504724611e+17	1.524926752e+16	8.136826271e+16	2.625069492e+13	
1.293972003e+02	1.570825980e+17	1.604113553e+16	8.345952614e+16	2.640261513e+13	
1.287709150e+02	1.640671537e+17	1.688606843e+16	8.562727772e+16	2.656001593e+13	
1.281462089e+02	1.714544630e+17	1.778875402e+16	8.787565402e+16	2.672315242e+13	
1.275230779e+02	1.792756568e+17	1.875440388e+16	9.020910224e+16	2.689229399e+13	
1.269015181e+02	1.875650046e+17	1.978882312e+16	9.263241081e+16	2.706772534e+13	
1.262815255e+02	1.963603141e+17	2.089849203e+16	9.515074394e+16	2.724974783e+13	
1.256630962e+02	2.057033876e+17	2.209065997e+16	9.776968087e+16	2.743868082e+13	
1.250462262e+02	2.156405482e+17	2.337345370e+16	1.004952601e+17	2.763486313e+13	
1.244309116e+02	2.262232614e+17	2.475600604e+16	1.033340314e+17	2.783865484e+13	
1.238171485e+02	2.375088445e+17	2.624860472e+16	1.062931134e+17	2.805043923e+13	
1.232049330e+02	2.495613016e+17	2.786286691e+16	1.093802599e+17	2.827062489e+13	
1.225942612e+02	2.624453787e+17	2.961100161e+16	1.126022851e+17	2.849959136e+13	
1.219851291e+02	2.762459087e+17	3.150852347e+16	1.159695705e+17	2.873785612e+13	
1.213775329e+02	2.910661060e+17	3.357415946e+16	1.194952728e+17	2.898603495e+13	
1.207714687e+02	3.070098536e+17	3.582757111e+16	1.231907361e+17	2.924466878e+13	
1.201669327e+02	3.241918737e+17	3.829084393e+16	1.270677896e+17	2.951431136e+13	
1.195639210e+02	3.427389994e+17	4.098880725e+16	1.311387682e+17	2.979552978e+13	
1.189624297e+02	3.627916023e+17	4.394939611e+16	1.354165328e+17	3.008890509e+13	
1.183624551e+02	3.845052346e+17	4.720406732e+16	1.399144973e+17	3.039503318e+13	
1.177639933e+02	4.080524534e+17	5.078826857e+16	1.446466501e+17	3.071452581e+13	
1.171670404e+02	4.336248580e+17	5.474196645e+16	1.496275714e+17	3.104801155e+13	
1.165715928e+02	4.614354120e+17	5.911025068e+16	1.548724509e+17	3.139613716e+13	
1.159776465e+02	4.917210876e+17	6.394402532e+16	1.603971107e+17	3.175956939e+13	
1.153851978e+02	5.247458063e+17	6.930078405e+16	1.662180176e+17	3.213899670e+13	
1.147942430e+02	5.608037814e+17	7.524549649e+16	1.723522946e+17	3.253513177e+13	
1.142047782e+02	6.002232883e+17	8.185160887e+16	1.788177270e+17	3.294871385e+13	
1.136167997e+02	6.433709092e+17	8.920218192e+16	1.856327634e+17	3.338051194e+13	
1.130303037e+02	6.906563303e+17	9.739118071e+16	1.928165109e+17	3.383132846e+13	
1.124452866e+02	7.425377585e+17	1.065249323e+17	2.003887183e+17	3.430200340e+13	
1.118617446e+02	7.995280877e+17	1.167237949e+17	2.083697564e+17	3.479341919e+13	
1.112796739e+02	8.622018691e+17	1.281240405e+17	2.167805855e+17	3.530650665e+13	
1.106990709e+02	9.312030062e+17	1.408799549e+17	2.256426927e+17	3.584225160e+13	
1.101199319e+02	1.007253684e+18	1.551662682e+17	2.349780283e+17	3.640170244e+13	
1.095422531e+02	1.091164241e+18	1.711808522e+17	2.448088969e+17	3.698597864e+13	
1.089660309e+02	1.183842014e+18	1.891473191e+17	2.551575870e+17	3.759627208e+13	
1.083912616e+02	1.286300371e+18	2.093177361e+17	2.660458813e+17	3.823384719e+13	
1.078179415e+02	1.399669573e+18	2.319757521e+17	2.774946630e+17	3.890004861e+13	
1.072460671e+02	1.525209200e+18	2.574401257e+17	2.895235397e+17	3.959631318e+13	
1.066756346e+02	1.664322066e+18	2.860686331e+17	3.021504367e+17	4.032418477e+13	
1.061066404e+02	1.818568608e+18	3.182621543e+17	3.153910807e+17	4.108532941e+13	
1.055390809e+02	1.989682468e+18	3.544690642e+17	3.292584158e+17	4.188155242e+13	
1.049729525e+02	2.179586601e+18	3.951897848e+17	3.437619417e+17	4.271481733e+13	
1.044082515e+02	2.390410549e+18	4.409816772e+17	3.589069768e+17	4.358726676e+13	
1.038449744e+02	2.624508063e+18	4.924639866e+17	3.746938372e+17	4.450124542e+13	
1.032831175e+02	2.884474338e+18	5.503227157e+17	3.911169310e+17	4.545932283e+13	
1.027226774e+02	3.173164016e+18	6.153157036e+17	4.081638241e+17	4.646431931e+13	
1.021636503e+02	3.493707700e+18	6.882772912e+17	4.258142513e+17	4.751933185e+13	
1.016060329e+02	3.849527373e+18	7.701227058e+17	4.440391421e+17	4.862775986e+13	
1.010498214e+02	4.244349566e+18	8.618518097e+17	4.627996722e+17	4.979333095e+13	
1.004950123e+02	4.682215398e+18	9.645520054e+17	4.820464112e+17	5.102012511e+13	
9.994160224e+01	5.167486326e+18	1.079400012e+18	5.017186263e+17	5.231259605e+13	
9.938958752e+01	5.704853380e+18	1.207664263e+18	5.217441080e+17	5.367560347e+13	
9.883896468e+01	6.299372435e+18	1.350713530e+18	5.420402811e+17	5.511449455e+13	
9.828973020e+01	6.956508530e+18	1.510027897e+18	5.625156649e+17	5.663519164e+13	
9.774188058e+01	7.682165489e+18	1.687206306e+18	5.830708321e+17	5.824424667e+13	
9.719541233e+01	8.482710972e+18	1.883973171e+18	6.035995435e+17	5.994888895e+13	
9.665032197e+01	9.365004658e+18	2.102185678e+18	6.239902637e+17	6.175707517e+13	
9.610660603e+01	1.033642864e+19	2.343841705e+18	6.441279863e+17	6.367754144e+13	
9.556426103e+01	1.140491920e+19	2.611088247e+18	6.638963588e+17	6.571985531e+13	
9.502328353e+01	1.257900275e+19	2.906230751e+18	6.831800475e+17	6.789446900e+13	
9.448367007e+01	1.386783317e+19	3.231742892e+18	7.018672396e+17	7.021276941e+13	
9.394541721e+01	1.528123841e+19	3.590278997e+18	7.198522741e+17	7.268713061e+13	
9.340852152e+01	1.682976732e+19	3.984686408e+18	7.370381435e+17	7.533095539e+13	
9.287297959e+01	1.852474327e+19	4.418019546e+18	7.533388540e+17	7.815870848e+13	
9.233878800e+01	2.037833025e+19	4.893557673e+18	7.686815973e+17	8.118593913e+13	
9.180594334e+01	2.240360326e+19	5.414823551e+18	7.830084318e+17	8.442927635e+13	
9.127444221e+01	2.461463381e+19	5.985605925e+18	7.962775391e+17	8.790639646e+13	
9.074428124e+01	2.702658521e+19	6.609985293e+18	8.084639713e+17	9.163593853e+13	
9.021545703e+01	2.965582014e+19	7.292362587e+18	8.195597903e+17	9.563733913e+13	
8.968796622e+01	3.252002688e+19	8.037492593e+18	8.295736329e+17	9.993057139e+13	
8.916180546e+01	3.563830861e+19	8.850508458e+18	8.385295507e+17	1.045356683e+14	
8.863697137e+01	3.903120629e+19	9.736928615e+18	8.464653132e+17	1.094719350e+14	
8.811346063e+01	4.272074920e+19	1.070267029e+19	8.534305653e+17	1.147569092e+14	
8.759126988e+01	4.673055540e+19	1.175407680e+19	8.594848224e+17	1.204050026e+14	
8.707039581e+01	5.108593252e+19	1.289794482e+19	8.646952721e+17	1.264256664e+14	
8.655083510e+01	5.581397498e+19	1.414155007e+19	8.691344455e+17	1.328209644e+14	
8.603258442e+01	6.094367602e+19	1.549267705e+19	8.728778950e+17	1.395824955e+14	
8.551564049e+01	6.650604954e+19	1.695965265e+19	8.760020059e+17	1.466876132e+14	
8.500000000e+01	7.253424548e+19	1.855137693e+19	8.785819920e+17	1.540949901e+14	
