# Species production 
# Productions in cm-3
# Altitude in km
# O2(A3Su)    
# O2(b1Sg+)    
# O2+(A2Pu)    
# O2+(b4)    
6.000000000e+02	3.781529270e-08	1.768816068e-08	1.751752960e-07	0.000000000e+00	
5.981871170e+02	4.064093105e-08	1.901043869e-08	1.880731077e-07	0.000000000e+00	
5.963788051e+02	4.367213650e-08	2.042895986e-08	2.018926707e-07	0.000000000e+00	
5.945750527e+02	4.692306624e-08	2.195035601e-08	2.166958098e-07	0.000000000e+00	
5.927758484e+02	5.040955904e-08	2.358204667e-08	2.325520518e-07	0.000000000e+00	
5.909811807e+02	5.414813810e-08	2.533177244e-08	2.495336180e-07	0.000000000e+00	
5.891910381e+02	5.815645377e-08	2.720780222e-08	2.677173608e-07	0.000000000e+00	
5.874054093e+02	6.245332945e-08	2.921895493e-08	2.871853315e-07	0.000000000e+00	
5.856242828e+02	6.705929321e-08	3.137484803e-08	3.080267145e-07	0.000000000e+00	
5.838476474e+02	7.199530563e-08	3.368530273e-08	3.303322482e-07	0.000000000e+00	
5.820754916e+02	7.728502792e-08	3.616140512e-08	3.542046497e-07	0.000000000e+00	
5.803078042e+02	8.295277193e-08	3.881454717e-08	3.797488134e-07	0.000000000e+00	
5.785445740e+02	8.902513584e-08	4.165719207e-08	4.070794418e-07	0.000000000e+00	
5.767857896e+02	9.552985458e-08	4.470233654e-08	4.363157049e-07	0.000000000e+00	
5.750314399e+02	1.024964522e-07	4.796381632e-08	4.675843328e-07	0.000000000e+00	
5.732815137e+02	1.099582072e-07	5.145722575e-08	5.010280860e-07	0.000000000e+00	
5.715359998e+02	1.179476061e-07	5.519779068e-08	5.367855578e-07	0.000000000e+00	
5.697948871e+02	1.265024691e-07	5.920323509e-08	5.750183497e-07	0.000000000e+00	
5.680581646e+02	1.356604655e-07	6.349121463e-08	6.158865370e-07	0.000000000e+00	
5.663258210e+02	1.454640544e-07	6.808162903e-08	6.595704949e-07	0.000000000e+00	
5.645978455e+02	1.559566166e-07	7.299481185e-08	7.062538633e-07	0.000000000e+00	
5.628742270e+02	1.671857728e-07	7.825308386e-08	7.561379749e-07	0.000000000e+00	
5.611549545e+02	1.792011448e-07	8.387970529e-08	8.094318787e-07	0.000000000e+00	
5.594400171e+02	1.920579877e-07	8.990057614e-08	8.663685512e-07	0.000000000e+00	
5.577294037e+02	2.058110233e-07	9.634135030e-08	9.271767678e-07	0.000000000e+00	
5.560231036e+02	2.205233546e-07	1.032316086e-07	9.921211715e-07	0.000000000e+00	
5.543211058e+02	2.362592250e-07	1.106014693e-07	1.061469691e-06	0.000000000e+00	
5.526233995e+02	2.530878589e-07	1.184833860e-07	1.135510444e-06	0.000000000e+00	
5.509299738e+02	2.710830685e-07	1.269119644e-07	1.214550193e-06	0.000000000e+00	
5.492408181e+02	2.903229965e-07	1.359238417e-07	1.298912317e-06	0.000000000e+00	
5.475559214e+02	3.108935160e-07	1.455592795e-07	1.388952093e-06	0.000000000e+00	
5.458752731e+02	3.328825537e-07	1.558595069e-07	1.485031114e-06	0.000000000e+00	
5.441988625e+02	3.563837543e-07	1.668684345e-07	1.587533288e-06	0.000000000e+00	
5.425266788e+02	3.815019856e-07	1.786352336e-07	1.696889353e-06	0.000000000e+00	
5.408587115e+02	4.083431740e-07	1.912095766e-07	1.813531242e-06	0.000000000e+00	
5.391949498e+02	4.370221651e-07	2.046453187e-07	1.937926500e-06	0.000000000e+00	
5.375353832e+02	4.676640195e-07	2.190011062e-07	2.070583815e-06	0.000000000e+00	
5.358800011e+02	5.003978903e-07	2.343375100e-07	2.212024928e-06	0.000000000e+00	
5.342287930e+02	5.353609112e-07	2.507188455e-07	2.362802115e-06	0.000000000e+00	
5.325817483e+02	5.727058762e-07	2.682167693e-07	2.523531896e-06	0.000000000e+00	
5.309388565e+02	6.125874367e-07	2.869038158e-07	2.694832945e-06	0.000000000e+00	
5.293001072e+02	6.551723061e-07	3.068581779e-07	2.877371208e-06	0.000000000e+00	
5.276654899e+02	7.006426321e-07	3.281652868e-07	3.071873793e-06	0.000000000e+00	
5.260349942e+02	7.491873149e-07	3.509137496e-07	3.279089349e-06	0.000000000e+00	
5.244086096e+02	8.010063742e-07	3.751973928e-07	3.499807411e-06	0.000000000e+00	
5.227863260e+02	8.563211695e-07	4.011200474e-07	3.734903247e-06	0.000000000e+00	
5.211681328e+02	9.153544165e-07	4.287861914e-07	3.985248914e-06	0.000000000e+00	
5.195540198e+02	9.783590832e-07	4.583144862e-07	4.251838611e-06	0.000000000e+00	
5.179439766e+02	1.045585355e-06	4.898223037e-07	4.535643964e-06	0.000000000e+00	
5.163379932e+02	1.117317729e-06	5.234431072e-07	4.837773500e-06	0.000000000e+00	
5.147360591e+02	1.193843996e-06	5.593119207e-07	5.159337419e-06	0.000000000e+00	
5.131381641e+02	1.275483568e-06	5.975785949e-07	5.501570008e-06	0.000000000e+00	
5.115442982e+02	1.362564686e-06	6.383971338e-07	5.865730284e-06	0.000000000e+00	
5.099544512e+02	1.455446413e-06	6.819359969e-07	6.253194231e-06	0.000000000e+00	
5.083686128e+02	1.554497182e-06	7.283680554e-07	6.665362312e-06	0.000000000e+00	
5.067867730e+02	1.660124813e-06	7.778846550e-07	7.103785819e-06	0.000000000e+00	
5.052089218e+02	1.772757175e-06	8.306865654e-07	7.570081307e-06	0.000000000e+00	
5.036350490e+02	1.892843641e-06	8.869846532e-07	8.065937069e-06	0.000000000e+00	
5.020651447e+02	2.020861676e-06	9.470029672e-07	8.593140175e-06	0.000000000e+00	
5.004991987e+02	2.157330677e-06	1.010985229e-06	9.153632758e-06	0.000000000e+00	
4.989372012e+02	2.302795411e-06	1.079187076e-06	9.749438825e-06	0.000000000e+00	
4.973791422e+02	2.457838352e-06	1.151881843e-06	1.038271478e-05	0.000000000e+00	
4.958250118e+02	2.623068345e-06	1.229355262e-06	1.105569722e-05	0.000000000e+00	
4.942748000e+02	2.799132584e-06	1.311911075e-06	1.177075196e-05	0.000000000e+00	
4.927284970e+02	2.986748130e-06	1.399885795e-06	1.253050582e-05	0.000000000e+00	
4.911860928e+02	3.186639781e-06	1.493619590e-06	1.333758157e-05	0.000000000e+00	
4.896475778e+02	3.399602962e-06	1.593485766e-06	1.419485882e-05	0.000000000e+00	
4.881129421e+02	3.626459799e-06	1.699870183e-06	1.510528609e-05	0.000000000e+00	
4.865821758e+02	3.868112737e-06	1.813196387e-06	1.607210144e-05	0.000000000e+00	
4.850552693e+02	4.125500636e-06	1.933905060e-06	1.709864089e-05	0.000000000e+00	
4.835322128e+02	4.399625163e-06	2.062466369e-06	1.818844812e-05	0.000000000e+00	
4.820129965e+02	4.691549329e-06	2.199379272e-06	1.934526689e-05	0.000000000e+00	
4.804976109e+02	5.002410888e-06	2.345177808e-06	2.057308859e-05	0.000000000e+00	
4.789860463e+02	5.333410276e-06	2.500425453e-06	2.187609725e-05	0.000000000e+00	
4.774782930e+02	5.685836856e-06	2.665727429e-06	2.325877163e-05	0.000000000e+00	
4.759743414e+02	6.061024687e-06	2.841709974e-06	2.472569701e-05	0.000000000e+00	
4.744741819e+02	6.460430222e-06	3.029056799e-06	2.628187382e-05	0.000000000e+00	
4.729778050e+02	6.885586724e-06	3.228487689e-06	2.793252806e-05	0.000000000e+00	
4.714852011e+02	7.338121066e-06	3.440766363e-06	2.968317580e-05	0.000000000e+00	
4.699963607e+02	7.819759358e-06	3.666703140e-06	3.153963527e-05	0.000000000e+00	
4.685112743e+02	8.332350301e-06	3.907165892e-06	3.350811234e-05	0.000000000e+00	
4.670299326e+02	8.877830017e-06	4.163063560e-06	3.559504967e-05	0.000000000e+00	
4.655523259e+02	9.458252138e-06	4.435360281e-06	3.780723671e-05	0.000000000e+00	
4.640784449e+02	1.007588272e-05	4.725119931e-06	4.015217457e-05	0.000000000e+00	
4.626082802e+02	1.073298637e-05	5.033405795e-06	4.263721670e-05	0.000000000e+00	
4.611418225e+02	1.143206010e-05	5.361390195e-06	4.527049507e-05	0.000000000e+00	
4.596790624e+02	1.217573507e-05	5.710308473e-06	4.806051039e-05	0.000000000e+00	
4.582199905e+02	1.296683249e-05	6.081485202e-06	5.101633954e-05	0.000000000e+00	
4.567645976e+02	1.380831157e-05	6.476309779e-06	5.414741545e-05	0.000000000e+00	
4.553128743e+02	1.470331684e-05	6.896258651e-06	5.746369657e-05	0.000000000e+00	
4.538648115e+02	1.565521420e-05	7.342912276e-06	6.097578564e-05	0.000000000e+00	
4.524204000e+02	1.666750028e-05	7.817912553e-06	6.469456724e-05	0.000000000e+00	
4.509796304e+02	1.774396884e-05	8.323040826e-06	6.863184237e-05	0.000000000e+00	
4.495424936e+02	1.888871481e-05	8.860219841e-06	7.280031277e-05	0.000000000e+00	
4.481089805e+02	2.010585125e-05	9.431380995e-06	7.721246899e-05	0.000000000e+00	
4.466790819e+02	2.139997562e-05	1.003868305e-05	8.188236641e-05	0.000000000e+00	
4.452527887e+02	2.277587273e-05	1.068437282e-05	8.682445228e-05	0.000000000e+00	
4.438300919e+02	2.423857494e-05	1.137081353e-05	9.205376560e-05	0.000000000e+00	
4.424109822e+02	2.579347441e-05	1.210053741e-05	9.758634635e-05	0.000000000e+00	
4.409954508e+02	2.744633105e-05	1.287624926e-05	1.034392433e-04	0.000000000e+00	
4.395834886e+02	2.920321574e-05	1.370079998e-05	1.096302555e-04	0.000000000e+00	
4.381750865e+02	3.107060697e-05	1.457723190e-05	1.161782662e-04	0.000000000e+00	
4.367702357e+02	3.305523003e-05	1.550870331e-05	1.231026034e-04	0.000000000e+00	
4.353689271e+02	3.516452044e-05	1.649870598e-05	1.304247321e-04	0.000000000e+00	
4.339711518e+02	3.740597738e-05	1.755076192e-05	1.381657931e-04	0.000000000e+00	
4.325769009e+02	3.978790857e-05	1.866877293e-05	1.463493341e-04	0.000000000e+00	
4.311861656e+02	4.231907050e-05	1.985685142e-05	1.549999313e-04	0.000000000e+00	
4.297989369e+02	4.500843411e-05	2.111921065e-05	1.641422849e-04	0.000000000e+00	
4.284152060e+02	4.786600434e-05	2.246054933e-05	1.738041637e-04	0.000000000e+00	
4.270349641e+02	5.090195631e-05	2.388564627e-05	1.840131890e-04	0.000000000e+00	
4.256582024e+02	5.412740876e-05	2.539972335e-05	1.947995928e-04	0.000000000e+00	
4.242849122e+02	5.755388892e-05	2.700819472e-05	2.061942076e-04	0.000000000e+00	
4.229150846e+02	6.119398124e-05	2.871697144e-05	2.182307267e-04	0.000000000e+00	
4.215487110e+02	6.506063939e-05	3.053213822e-05	2.309431749e-04	0.000000000e+00	
4.201857825e+02	6.916779739e-05	3.246023977e-05	2.443680254e-04	0.000000000e+00	
4.188262907e+02	7.353034473e-05	3.450826953e-05	2.585440061e-04	0.000000000e+00	
4.174702267e+02	7.816390720e-05	3.668356692e-05	2.735112399e-04	0.000000000e+00	
4.161175820e+02	8.308499221e-05	3.899388540e-05	2.893116707e-04	0.000000000e+00	
4.147683478e+02	8.831149789e-05	4.144763146e-05	3.059907316e-04	0.000000000e+00	
4.134225157e+02	9.386201653e-05	4.405353940e-05	3.235947998e-04	0.000000000e+00	
4.120800770e+02	9.975625336e-05	4.682086756e-05	3.421725559e-04	0.000000000e+00	
4.107410232e+02	1.060155345e-04	4.975963437e-05	3.617766104e-04	0.000000000e+00	
4.094053458e+02	1.126621079e-04	5.288029114e-05	3.824609579e-04	0.000000000e+00	
4.080730362e+02	1.197196288e-04	5.619395031e-05	4.042825158e-04	0.000000000e+00	
4.067440859e+02	1.272132735e-04	5.971243876e-05	4.273013544e-04	0.000000000e+00	
4.054184865e+02	1.351697436e-04	6.344829980e-05	4.515805496e-04	0.000000000e+00	
4.040962295e+02	1.436174247e-04	6.741486805e-05	4.771865472e-04	0.000000000e+00	
4.027773065e+02	1.525860918e-04	7.162613540e-05	5.041880154e-04	0.000000000e+00	
4.014617091e+02	1.621081278e-04	7.609732079e-05	5.326596806e-04	0.000000000e+00	
4.001494289e+02	1.722165382e-04	8.084393297e-05	5.626755747e-04	0.000000000e+00	
3.988404576e+02	1.829482607e-04	8.588331862e-05	5.943180537e-04	0.000000000e+00	
3.975347867e+02	1.943414956e-04	9.123342660e-05	6.276717090e-04	0.000000000e+00	
3.962324080e+02	2.064358731e-04	9.691288523e-05	6.628244844e-04	0.000000000e+00	
3.949333132e+02	2.192740609e-04	1.029417429e-04	6.998689371e-04	0.000000000e+00	
3.936374940e+02	2.329024028e-04	1.093417761e-04	7.389056336e-04	0.000000000e+00	
3.923449421e+02	2.473674137e-04	1.161348494e-04	7.800317485e-04	0.000000000e+00	
3.910556493e+02	2.627213420e-04	1.233455230e-04	8.233583824e-04	0.000000000e+00	
3.897696073e+02	2.790190442e-04	1.309995795e-04	8.690001939e-04	0.000000000e+00	
3.884868081e+02	2.963163939e-04	1.391232811e-04	9.170702316e-04	0.000000000e+00	
3.872072434e+02	3.146752721e-04	1.477457134e-04	9.676951311e-04	0.000000000e+00	
3.859309050e+02	3.341614494e-04	1.568977903e-04	1.021008001e-03	0.000000000e+00	
3.846577848e+02	3.548424334e-04	1.666112442e-04	1.077141465e-03	0.000000000e+00	
3.833878747e+02	3.767910026e-04	1.769202861e-04	1.136238144e-03	0.000000000e+00	
3.821211667e+02	4.000853829e-04	1.878616933e-04	1.198450769e-03	0.000000000e+00	
3.808576525e+02	4.248074319e-04	1.994739555e-04	1.263935955e-03	0.000000000e+00	
3.795973243e+02	4.510445131e-04	2.117981485e-04	1.332859233e-03	0.000000000e+00	
3.783401738e+02	4.788881757e-04	2.248773187e-04	1.405390688e-03	0.000000000e+00	
3.770861932e+02	5.084382369e-04	2.387584003e-04	1.481716376e-03	0.000000000e+00	
3.758353745e+02	5.397960709e-04	2.534890647e-04	1.562018006e-03	0.000000000e+00	
3.745877096e+02	5.730753702e-04	2.691227740e-04	1.646503641e-03	0.000000000e+00	
3.733431907e+02	6.083908971e-04	2.857134993e-04	1.735374279e-03	0.000000000e+00	
3.721018097e+02	6.458697116e-04	3.033209944e-04	1.828856107e-03	0.000000000e+00	
3.708635588e+02	6.856405610e-04	3.220058182e-04	1.927168759e-03	0.000000000e+00	
3.696284300e+02	7.278460125e-04	3.418350287e-04	2.030558595e-03	0.000000000e+00	
3.683964156e+02	7.726332190e-04	3.628778475e-04	2.139271975e-03	0.000000000e+00	
3.671675076e+02	8.201623691e-04	3.852096304e-04	2.253577964e-03	0.000000000e+00	
3.659416983e+02	8.705995937e-04	4.089085360e-04	2.373747514e-03	0.000000000e+00	
3.647189797e+02	9.241224692e-04	4.340581126e-04	2.500067734e-03	0.000000000e+00	
3.634993442e+02	9.809214696e-04	4.607479811e-04	2.632844481e-03	0.000000000e+00	
3.622827839e+02	1.041194322e-03	4.890711786e-04	2.772386731e-03	0.000000000e+00	
3.610692911e+02	1.105156481e-03	5.191290860e-04	2.919033158e-03	0.000000000e+00	
3.598588580e+02	1.173032171e-03	5.510272277e-04	3.073125879e-03	0.000000000e+00	
3.586514770e+02	1.245061518e-03	5.848786202e-04	3.235028203e-03	0.000000000e+00	
3.574471403e+02	1.321499126e-03	6.208031047e-04	3.405119473e-03	0.000000000e+00	
3.562458403e+02	1.402613180e-03	6.589269283e-04	3.583791175e-03	0.000000000e+00	
3.550475693e+02	1.488693463e-03	6.993865133e-04	3.771465829e-03	0.000000000e+00	
3.538523197e+02	1.580044168e-03	7.423250817e-04	3.968576476e-03	0.000000000e+00	
3.526600838e+02	1.676987348e-03	7.878942813e-04	4.175573990e-03	0.000000000e+00	
3.514708541e+02	1.779866047e-03	8.362556272e-04	4.392935145e-03	0.000000000e+00	
3.502846229e+02	1.889043513e-03	8.875801821e-04	4.621155861e-03	0.000000000e+00	
3.491013828e+02	2.004909190e-03	9.420513689e-04	4.860762930e-03	0.000000000e+00	
3.479211261e+02	2.127872103e-03	9.998618589e-04	5.112296349e-03	0.000000000e+00	
3.467438454e+02	2.258364037e-03	1.061215071e-03	5.376314872e-03	0.000000000e+00	
3.455695331e+02	2.396853435e-03	1.126331712e-03	5.653426319e-03	0.000000000e+00	
3.443981818e+02	2.543825015e-03	1.195440199e-03	5.944236095e-03	0.000000000e+00	
3.432297840e+02	2.699811830e-03	1.268791739e-03	6.249419743e-03	0.000000000e+00	
3.420643322e+02	2.865361011e-03	1.346644209e-03	6.569640833e-03	0.000000000e+00	
3.409018191e+02	3.041057463e-03	1.429273283e-03	6.905605335e-03	0.000000000e+00	
3.397422371e+02	3.227527855e-03	1.516974382e-03	7.258062589e-03	0.000000000e+00	
3.385855790e+02	3.425436495e-03	1.610060728e-03	7.627792003e-03	0.000000000e+00	
3.374318373e+02	3.635483033e-03	1.708862266e-03	8.015595175e-03	0.000000000e+00	
3.362810047e+02	3.858414859e-03	1.813731500e-03	8.422319474e-03	0.000000000e+00	
3.351330739e+02	4.095028133e-03	1.925043999e-03	8.848855344e-03	0.000000000e+00	
3.339880375e+02	4.346165736e-03	2.043197440e-03	9.296127015e-03	0.000000000e+00	
3.328458883e+02	4.612724066e-03	2.168614834e-03	9.765102258e-03	0.000000000e+00	
3.317066189e+02	4.895646210e-03	2.301741249e-03	1.025677645e-02	0.000000000e+00	
3.305702221e+02	5.195943060e-03	2.443053760e-03	1.077221388e-02	0.000000000e+00	
3.294366907e+02	5.514684415e-03	2.593057408e-03	1.131251583e-02	0.000000000e+00	
3.283060174e+02	5.853005776e-03	2.752288354e-03	1.187883036e-02	0.000000000e+00	
3.271781950e+02	6.212105000e-03	2.921312329e-03	1.247234003e-02	0.000000000e+00	
3.260532164e+02	6.593275763e-03	3.100740393e-03	1.309432258e-02	0.000000000e+00	
3.249310744e+02	6.997882939e-03	3.291217397e-03	1.374609320e-02	0.000000000e+00	
3.238117617e+02	7.427344012e-03	3.493413262e-03	1.442896189e-02	0.000000000e+00	
3.226952714e+02	7.883227406e-03	3.708069272e-03	1.514441754e-02	0.000000000e+00	
3.215815962e+02	8.367150234e-03	3.935949937e-03	1.589392323e-02	0.000000000e+00	
3.204707291e+02	8.880829753e-03	4.177867076e-03	1.667901825e-02	0.000000000e+00	
3.193626629e+02	9.426110296e-03	4.434692969e-03	1.750134238e-02	0.000000000e+00	
3.182573907e+02	1.000492743e-02	4.707343262e-03	1.836256374e-02	0.000000000e+00	
3.171549054e+02	1.061935389e-02	4.996798653e-03	1.926445466e-02	0.000000000e+00	
3.160551999e+02	1.127159546e-02	5.304103053e-03	2.020887153e-02	0.000000000e+00	
3.149582673e+02	1.196396257e-02	5.630350259e-03	2.119769285e-02	0.000000000e+00	
3.138641005e+02	1.269895523e-02	5.976723986e-03	2.223295925e-02	0.000000000e+00	
3.127726926e+02	1.347919624e-02	6.344466508e-03	2.331674040e-02	0.000000000e+00	
3.116840366e+02	1.430749063e-02	6.734906711e-03	2.445122615e-02	0.000000000e+00	
3.105981256e+02	1.518680733e-02	7.149450949e-03	2.563871059e-02	0.000000000e+00	
3.095149527e+02	1.612024103e-02	7.589566630e-03	2.688147792e-02	0.000000000e+00	
3.084345109e+02	1.711114573e-02	8.056844051e-03	2.818202667e-02	0.000000000e+00	
3.073567934e+02	1.816311232e-02	8.552986153e-03	2.954300799e-02	0.000000000e+00	
3.062817933e+02	1.927981556e-02	9.079736640e-03	3.096695988e-02	0.000000000e+00	
3.052095037e+02	2.046533767e-02	9.639032460e-03	3.245681656e-02	0.000000000e+00	
3.041399179e+02	2.172390389e-02	1.023287946e-02	3.401545733e-02	0.000000000e+00	
3.030730290e+02	2.305997540e-02	1.086339617e-02	3.564583881e-02	0.000000000e+00	
3.020088301e+02	2.447841753e-02	1.153289332e-02	3.735123563e-02	0.000000000e+00	
3.009473146e+02	2.598421040e-02	1.224373731e-02	3.913479019e-02	0.000000000e+00	
2.998884756e+02	2.758296317e-02	1.299859013e-02	4.100014982e-02	0.000000000e+00	
2.988323065e+02	2.928038699e-02	1.380017077e-02	4.295080931e-02	0.000000000e+00	
2.977788003e+02	3.108230467e-02	1.465124985e-02	4.499036315e-02	0.000000000e+00	
2.967279506e+02	3.299531997e-02	1.555496924e-02	4.712293309e-02	0.000000000e+00	
2.956797505e+02	3.502610425e-02	1.651450562e-02	4.935232461e-02	0.000000000e+00	
2.946341934e+02	3.718201787e-02	1.753336368e-02	5.168289498e-02	0.000000000e+00	
2.935912726e+02	3.947071824e-02	1.861519166e-02	5.411895867e-02	0.000000000e+00	
2.925509814e+02	4.190037917e-02	1.976388511e-02	5.666506653e-02	0.000000000e+00	
2.915133133e+02	4.447982509e-02	2.098365066e-02	5.932614400e-02	0.000000000e+00	
2.904782616e+02	4.721808170e-02	2.227879264e-02	6.210690821e-02	0.000000000e+00	
2.894458198e+02	5.012496001e-02	2.365399179e-02	6.501260444e-02	0.000000000e+00	
2.884159812e+02	5.321088772e-02	2.511422756e-02	6.804868614e-02	0.000000000e+00	
2.873887392e+02	5.648677389e-02	2.666471032e-02	7.122065642e-02	0.000000000e+00	
2.863640874e+02	5.996423345e-02	2.831098976e-02	7.453428886e-02	0.000000000e+00	
2.853420192e+02	6.365563315e-02	3.005897722e-02	7.799564115e-02	0.000000000e+00	
2.843225281e+02	6.757402012e-02	3.191491265e-02	8.161092169e-02	0.000000000e+00	
2.833056075e+02	7.173358522e-02	3.388558405e-02	8.538699982e-02	0.000000000e+00	
2.822912511e+02	7.614874973e-02	3.597789720e-02	8.933025414e-02	0.000000000e+00	
2.812794523e+02	8.083542884e-02	3.819947348e-02	9.344802753e-02	0.000000000e+00	
2.802702047e+02	8.581021607e-02	4.055826120e-02	9.774768320e-02	0.000000000e+00	
2.792635019e+02	9.109064319e-02	4.306266172e-02	1.022368760e-01	0.000000000e+00	
2.782593374e+02	9.669517912e-02	4.572153814e-02	1.069233633e-01	0.000000000e+00	
2.772577048e+02	1.026438772e-01	4.854450905e-02	1.118158136e-01	0.000000000e+00	
2.762585978e+02	1.089572807e-01	5.154143867e-02	1.169224384e-01	0.000000000e+00	
2.752620100e+02	1.156577758e-01	5.472307745e-02	1.222524263e-01	0.000000000e+00	
2.742679350e+02	1.227689181e-01	5.810074499e-02	1.278151297e-01	0.000000000e+00	
2.732763666e+02	1.303155704e-01	6.168639635e-02	1.336201522e-01	0.000000000e+00	
2.722872983e+02	1.383242297e-01	6.549277844e-02	1.396776104e-01	0.000000000e+00	
2.713007239e+02	1.468230051e-01	6.953342259e-02	1.459980120e-01	0.000000000e+00	
2.703166371e+02	1.558414998e-01	7.382259032e-02	1.525920456e-01	0.000000000e+00	
2.693350316e+02	1.654112381e-01	7.837544893e-02	1.594713877e-01	0.000000000e+00	
2.683559011e+02	1.755651717e-01	8.320790607e-02	1.666473545e-01	0.000000000e+00	
2.673792395e+02	1.863384945e-01	8.833693236e-02	1.741323039e-01	0.000000000e+00	
2.664050405e+02	1.977687169e-01	9.378062603e-02	1.819392438e-01	0.000000000e+00	
2.654332979e+02	2.098946521e-01	9.955773305e-02	1.900808318e-01	0.000000000e+00	
2.644640054e+02	2.227582728e-01	1.056885293e-01	1.985710165e-01	0.000000000e+00	
2.634971570e+02	2.364040517e-01	1.121945107e-01	2.074243025e-01	0.000000000e+00	
2.625327464e+02	2.508785381e-01	1.190981951e-01	2.166552741e-01	0.000000000e+00	
2.615707676e+02	2.662312254e-01	1.264235381e-01	2.262792497e-01	0.000000000e+00	
2.606112143e+02	2.825148907e-01	1.341961008e-01	2.363123740e-01	0.000000000e+00	
2.596540804e+02	2.997843825e-01	1.424424479e-01	2.467708594e-01	0.000000000e+00	
2.586993600e+02	3.180979591e-01	1.511908111e-01	2.576718847e-01	0.000000000e+00	
2.577470467e+02	3.375189093e-01	1.604718979e-01	2.690344143e-01	0.000000000e+00	
2.567971347e+02	3.581101421e-01	1.703162499e-01	2.808752937e-01	0.000000000e+00	
2.558496179e+02	3.799424912e-01	1.807582365e-01	2.932153592e-01	0.000000000e+00	
2.549044901e+02	4.030879479e-01	1.918328391e-01	3.060739440e-01	0.000000000e+00	
2.539617455e+02	4.276238044e-01	2.035776225e-01	3.194720480e-01	0.000000000e+00	
2.530213779e+02	4.536315592e-01	2.160322208e-01	3.334312824e-01	0.000000000e+00	
2.520833814e+02	4.811968969e-01	2.292383316e-01	3.479737872e-01	0.000000000e+00	
2.511477500e+02	5.104106910e-01	2.432401978e-01	3.631224177e-01	0.000000000e+00	
2.502144777e+02	5.413705209e-01	2.580853570e-01	3.789020863e-01	0.000000000e+00	
2.492835587e+02	5.741769047e-01	2.738227537e-01	3.953375391e-01	0.000000000e+00	
2.483549869e+02	6.089362663e-01	2.905042770e-01	4.124545961e-01	0.000000000e+00	
2.474287564e+02	6.457612443e-01	3.081849179e-01	4.302801287e-01	0.000000000e+00	
2.465048614e+02	6.847708629e-01	3.269227301e-01	4.488426959e-01	0.000000000e+00	
2.455832959e+02	7.260905466e-01	3.467789357e-01	4.681716350e-01	0.000000000e+00	
2.446640541e+02	7.698521937e-01	3.678179538e-01	4.882970630e-01	0.000000000e+00	
2.437471301e+02	8.161935264e-01	3.901070936e-01	5.092493618e-01	0.000000000e+00	
2.428325181e+02	8.652643817e-01	4.137195660e-01	5.310629192e-01	0.000000000e+00	
2.419202122e+02	9.172189383e-01	4.387307778e-01	5.537709843e-01	0.000000000e+00	
2.410102066e+02	9.722211233e-01	4.652209275e-01	5.774087532e-01	0.000000000e+00	
2.401024956e+02	1.030443147e+00	4.932743466e-01	6.020120205e-01	0.000000000e+00	
2.391970733e+02	1.092070427e+00	5.229817355e-01	6.276206855e-01	0.000000000e+00	
2.382939340e+02	1.157288553e+00	5.544338577e-01	6.542718923e-01	0.000000000e+00	
2.373930719e+02	1.226304713e+00	5.877323637e-01	6.820088348e-01	0.000000000e+00	
2.364944812e+02	1.299326471e+00	6.229788786e-01	7.108725653e-01	0.000000000e+00	
2.355981563e+02	1.376577664e+00	6.602830285e-01	7.409080008e-01	0.000000000e+00	
2.347040915e+02	1.458293182e+00	6.997599016e-01	7.721611249e-01	0.000000000e+00	
2.338122810e+02	1.544720807e+00	7.415309250e-01	8.046798242e-01	0.000000000e+00	
2.329227191e+02	1.636122056e+00	7.857242721e-01	8.385140517e-01	0.000000000e+00	
2.320354002e+02	1.732769677e+00	8.324736785e-01	8.737142165e-01	0.000000000e+00	
2.311503186e+02	1.834956810e+00	8.819228510e-01	9.103354749e-01	0.000000000e+00	
2.302674687e+02	1.942986956e+00	9.342207080e-01	9.484318927e-01	0.000000000e+00	
2.293868449e+02	2.057193412e+00	9.895310482e-01	9.880636393e-01	0.000000000e+00	
2.285084415e+02	2.177900746e+00	1.048011979e+00	1.029289423e+00	0.000000000e+00	
2.276322529e+02	2.305472597e+00	1.109842503e+00	1.072172551e+00	0.000000000e+00	
2.267582736e+02	2.440275804e+00	1.175202400e+00	1.116776972e+00	0.000000000e+00	
2.258864980e+02	2.582698216e+00	1.244281403e+00	1.163171006e+00	0.000000000e+00	
2.250169205e+02	2.733152438e+00	1.317281441e+00	1.211426452e+00	0.000000000e+00	
2.241495357e+02	2.892065650e+00	1.394411613e+00	1.261614580e+00	0.000000000e+00	
2.232843378e+02	3.059894704e+00	1.475895421e+00	1.313812563e+00	0.000000000e+00	
2.224213216e+02	3.237117506e+00	1.561966642e+00	1.368099173e+00	0.000000000e+00	
2.215604813e+02	3.424239174e+00	1.652872298e+00	1.424556899e+00	0.000000000e+00	
2.207018116e+02	3.621790728e+00	1.748872061e+00	1.483270691e+00	0.000000000e+00	
2.198453071e+02	3.830341818e+00	1.850244547e+00	1.544331900e+00	0.000000000e+00	
2.189909621e+02	4.050500406e+00	1.957288406e+00	1.607830847e+00	0.000000000e+00	
2.181387713e+02	4.282848209e+00	2.070283433e+00	1.673865490e+00	0.000000000e+00	
2.172887293e+02	4.528065536e+00	2.189565012e+00	1.742535672e+00	0.000000000e+00	
2.164408306e+02	4.786809272e+00	2.315452096e+00	1.813945258e+00	0.000000000e+00	
2.155950698e+02	5.059783033e+00	2.448286224e+00	1.888204894e+00	0.000000000e+00	
2.147514416e+02	5.347723133e+00	2.588424917e+00	1.965426294e+00	0.000000000e+00	
2.139099405e+02	5.651406761e+00	2.736245274e+00	2.045726365e+00	0.000000000e+00	
2.130705612e+02	5.971660140e+00	2.892147851e+00	2.129229566e+00	0.000000000e+00	
2.122332984e+02	6.309345490e+00	3.056550339e+00	2.216062383e+00	0.000000000e+00	
2.113981467e+02	6.665378146e+00	3.229895865e+00	2.306358663e+00	0.000000000e+00	
2.105651007e+02	7.040719918e+00	3.412649818e+00	2.400256007e+00	0.000000000e+00	
2.097341553e+02	7.436391280e+00	3.605306081e+00	2.497898133e+00	0.000000000e+00	
2.089053050e+02	7.853513995e+00	3.808409973e+00	2.599438004e+00	0.000000000e+00	
2.080785446e+02	8.293151848e+00	4.022468719e+00	2.705029113e+00	0.000000000e+00	
2.072538689e+02	8.756494245e+00	4.248057236e+00	2.814834226e+00	0.000000000e+00	
2.064312725e+02	9.244769520e+00	4.485767461e+00	2.929024126e+00	0.000000000e+00	
2.056107502e+02	9.759212456e+00	4.736187437e+00	3.047776768e+00	0.000000000e+00	
2.047922969e+02	1.030113224e+01	4.999941879e+00	3.171272903e+00	0.000000000e+00	
2.039759072e+02	1.087193079e+01	5.277699198e+00	3.299707374e+00	0.000000000e+00	
2.031615760e+02	1.147306114e+01	5.570151116e+00	3.433275590e+00	0.000000000e+00	
2.023492981e+02	1.210608861e+01	5.878042159e+00	3.572191146e+00	0.000000000e+00	
2.015390683e+02	1.277264948e+01	6.202149606e+00	3.716671637e+00	0.000000000e+00	
2.007308815e+02	1.347445774e+01	6.543286676e+00	3.866939043e+00	0.000000000e+00	
1.999247324e+02	1.420981487e+01	6.900608212e+00	4.022230152e+00	0.000000000e+00	
1.991206161e+02	1.498743275e+01	7.278324134e+00	4.184719779e+00	0.000000000e+00	
1.983185272e+02	1.580625633e+01	7.675909103e+00	4.353736328e+00	0.000000000e+00	
1.975184608e+02	1.666814502e+01	8.094210517e+00	4.529543391e+00	0.000000000e+00	
1.967204117e+02	1.757555631e+01	8.534413550e+00	4.712419511e+00	0.000000000e+00	
1.959243748e+02	1.853066281e+01	8.997521951e+00	4.902658500e+00	0.000000000e+00	
1.951303451e+02	1.953584075e+01	9.484640369e+00	5.100565527e+00	0.000000000e+00	
1.943383174e+02	2.059358874e+01	9.996930329e+00	5.306450831e+00	0.000000000e+00	
1.935482869e+02	2.170662351e+01	1.053565535e+01	5.520654405e+00	0.000000000e+00	
1.927602483e+02	2.287778364e+01	1.110213405e+01	5.743518208e+00	0.000000000e+00	
1.919741968e+02	2.411012752e+01	1.169778824e+01	5.975407435e+00	0.000000000e+00	
1.911901272e+02	2.540688902e+01	1.232412242e+01	6.216694000e+00	0.000000000e+00	
1.904080346e+02	2.677159216e+01	1.298278179e+01	6.467778284e+00	0.000000000e+00	
1.896279140e+02	2.820802296e+01	1.367554307e+01	6.729071363e+00	0.000000000e+00	
1.888497605e+02	2.972033300e+01	1.440437539e+01	7.001000351e+00	0.000000000e+00	
1.880735690e+02	3.131377331e+01	1.517185791e+01	7.284028850e+00	0.000000000e+00	
1.872993346e+02	3.299095235e+01	1.597902071e+01	7.578615999e+00	0.000000000e+00	
1.865270524e+02	3.475755980e+01	1.682868082e+01	7.885258886e+00	0.000000000e+00	
1.857567175e+02	3.661685116e+01	1.772221649e+01	8.204478311e+00	0.000000000e+00	
1.849883250e+02	3.857244341e+01	1.866119645e+01	8.536809595e+00	0.000000000e+00	
1.842218699e+02	4.062834641e+01	1.964739301e+01	8.882825917e+00	0.000000000e+00	
1.834573473e+02	4.278870198e+01	2.068264095e+01	9.243107286e+00	0.000000000e+00	
1.826947525e+02	4.505797006e+01	2.176892513e+01	9.618284137e+00	0.000000000e+00	
1.819340805e+02	4.744076817e+01	2.290830094e+01	1.000899963e+01	0.000000000e+00	
1.811753265e+02	4.994203827e+01	2.410297564e+01	1.041594281e+01	0.000000000e+00	
1.804184857e+02	5.256696758e+01	2.535527014e+01	1.083982490e+01	0.000000000e+00	
1.796635532e+02	5.532110225e+01	2.666767881e+01	1.128139670e+01	0.000000000e+00	
1.789105242e+02	5.821044868e+01	2.804292700e+01	1.174145653e+01	0.000000000e+00	
1.781593939e+02	6.124157019e+01	2.948405261e+01	1.222081121e+01	0.000000000e+00	
1.774101575e+02	6.442091263e+01	3.099398336e+01	1.272034716e+01	0.000000000e+00	
1.766628103e+02	6.775424563e+01	3.257523596e+01	1.324096254e+01	0.000000000e+00	
1.759173475e+02	7.124867498e+01	3.423104725e+01	1.378362656e+01	0.000000000e+00	
1.751737644e+02	7.490948158e+01	3.596358016e+01	1.434932948e+01	0.000000000e+00	
1.744320561e+02	7.874291286e+01	3.777551857e+01	1.493915046e+01	0.000000000e+00	
1.736922180e+02	8.275536294e+01	3.966962815e+01	1.555417891e+01	0.000000000e+00	
1.729542454e+02	8.695381898e+01	4.164896267e+01	1.619560566e+01	0.000000000e+00	
1.722181336e+02	9.134543533e+01	4.371665442e+01	1.686464160e+01	0.000000000e+00	
1.714838778e+02	9.593805808e+01	4.587616287e+01	1.756261783e+01	0.000000000e+00	
1.707514733e+02	1.007396136e+02	4.813097680e+01	1.829087068e+01	0.000000000e+00	
1.700209156e+02	1.057587480e+02	5.048491856e+01	1.905086472e+01	0.000000000e+00	
1.692922000e+02	1.110044209e+02	5.294194163e+01	1.984411824e+01	0.000000000e+00	
1.685653218e+02	1.164860386e+02	5.550618261e+01	2.067223983e+01	0.000000000e+00	
1.678402763e+02	1.222130835e+02	5.818174532e+01	2.153690251e+01	0.000000000e+00	
1.671170590e+02	1.281964871e+02	6.097344714e+01	2.243990344e+01	0.000000000e+00	
1.663956653e+02	1.344488692e+02	6.388696790e+01	2.338316255e+01	0.000000000e+00	
1.656760905e+02	1.409825907e+02	6.692778464e+01	2.436864750e+01	0.000000000e+00	
1.649583301e+02	1.478129973e+02	7.010292678e+01	2.539847460e+01	0.000000000e+00	
1.642423794e+02	1.549559204e+02	7.341954716e+01	2.647487373e+01	0.000000000e+00	
1.635282340e+02	1.624285253e+02	7.688536907e+01	2.760027107e+01	0.000000000e+00	
1.628158893e+02	1.702482096e+02	8.050817784e+01	2.877709740e+01	0.000000000e+00	
1.621053407e+02	1.784342409e+02	8.429659458e+01	3.000805867e+01	0.000000000e+00	
1.613965837e+02	1.870068537e+02	8.825965050e+01	3.129597905e+01	0.000000000e+00	
1.606896138e+02	1.959874695e+02	9.240687045e+01	3.264381951e+01	0.000000000e+00	
1.599844265e+02	2.053992767e+02	9.674862972e+01	3.405483136e+01	0.000000000e+00	
1.592810173e+02	2.152657683e+02	1.012955171e+02	3.553229194e+01	0.000000000e+00	
1.585793817e+02	2.256134063e+02	1.060594171e+02	3.707990250e+01	0.000000000e+00	
1.578795152e+02	2.364698320e+02	1.110526550e+02	3.870138983e+01	0.000000000e+00	
1.571814134e+02	2.478664043e+02	1.162893625e+02	4.040091221e+01	0.000000000e+00	
1.564850718e+02	2.598322190e+02	1.217823044e+02	4.218270467e+01	0.000000000e+00	
1.557904860e+02	2.724024264e+02	1.275472967e+02	4.405151595e+01	0.000000000e+00	
1.550976516e+02	2.856098788e+02	1.335988006e+02	4.601215769e+01	0.000000000e+00	
1.544065641e+02	2.994910579e+02	1.399529762e+02	4.806996957e+01	0.000000000e+00	
1.537172191e+02	3.140847913e+02	1.466270689e+02	5.023057458e+01	0.000000000e+00	
1.530296123e+02	3.294327123e+02	1.536395826e+02	5.249996542e+01	0.000000000e+00	
1.523437392e+02	3.455801788e+02	1.610106885e+02	5.488464956e+01	0.000000000e+00	
1.516595956e+02	3.625749847e+02	1.687616107e+02	5.739144138e+01	0.000000000e+00	
1.509771769e+02	3.804692023e+02	1.769154728e+02	6.002775784e+01	0.000000000e+00	
1.502964790e+02	3.993188921e+02	1.854971707e+02	6.280157742e+01	0.000000000e+00	
1.496174973e+02	4.191839627e+02	1.945332867e+02	6.572141650e+01	0.000000000e+00	
1.489402277e+02	4.401284136e+02	2.040521946e+02	6.879637450e+01	0.000000000e+00	
1.482646658e+02	4.622219121e+02	2.140847967e+02	7.203640890e+01	0.000000000e+00	
1.475908073e+02	4.855378900e+02	2.246636148e+02	7.545206846e+01	0.000000000e+00	
1.469186479e+02	5.101545781e+02	2.358231681e+02	7.905476363e+01	0.000000000e+00	
1.462481833e+02	5.361615945e+02	2.476034405e+02	8.285696424e+01	0.000000000e+00	
1.455794092e+02	5.636508239e+02	2.600448775e+02	8.687190875e+01	0.000000000e+00	
1.449123214e+02	5.927260312e+02	2.731934411e+02	9.111401742e+01	0.000000000e+00	
1.442469156e+02	6.234999440e+02	2.870990266e+02	9.559894523e+01	0.000000000e+00	
1.435831876e+02	6.560931518e+02	3.018149079e+02	1.003435586e+02	0.000000000e+00	
1.429211332e+02	6.906373097e+02	3.173992445e+02	1.053663736e+02	0.000000000e+00	
1.422607480e+02	7.272720362e+02	3.339136553e+02	1.106870660e+02	0.000000000e+00	
1.416020281e+02	7.661510772e+02	3.514259929e+02	1.163273840e+02	0.000000000e+00	
1.409449690e+02	8.074423808e+02	3.700103877e+02	1.223111435e+02	0.000000000e+00	
1.402895667e+02	8.513253757e+02	3.897459400e+02	1.286637956e+02	0.000000000e+00	
1.396358169e+02	8.979982729e+02	4.107200506e+02	1.354135477e+02	0.000000000e+00	
1.389837155e+02	9.476756171e+02	4.330272697e+02	1.425909933e+02	0.000000000e+00	
1.383332584e+02	1.000593158e+03	4.567715118e+02	1.502299423e+02	0.000000000e+00	
1.376844413e+02	1.057000905e+03	4.820628709e+02	1.583665616e+02	0.000000000e+00	
1.370372602e+02	1.117175292e+03	5.090230754e+02	1.670418282e+02	0.000000000e+00	
1.363917109e+02	1.181407452e+03	5.377802276e+02	1.762996962e+02	0.000000000e+00	
1.357477894e+02	1.250054371e+03	5.684939027e+02	1.861888582e+02	0.000000000e+00	
1.351054914e+02	1.323468516e+03	6.013166071e+02	1.967629330e+02	0.000000000e+00	
1.344648130e+02	1.402080571e+03	6.364382328e+02	2.080808204e+02	0.000000000e+00	
1.338257500e+02	1.486354869e+03	6.740627617e+02	2.202080033e+02	0.000000000e+00	
1.331882984e+02	1.576793487e+03	7.144107274e+02	2.332162431e+02	0.000000000e+00	
1.325524540e+02	1.673948309e+03	7.577244745e+02	2.471849311e+02	0.000000000e+00	
1.319182130e+02	1.778436148e+03	8.042748805e+02	2.622031134e+02	0.000000000e+00	
1.312855711e+02	1.890928936e+03	8.543567851e+02	2.783680203e+02	0.000000000e+00	
1.306545244e+02	2.012174845e+03	9.082984659e+02	2.957881443e+02	0.000000000e+00	
1.300250688e+02	2.143007062e+03	9.664653510e+02	3.145844603e+02	0.000000000e+00	
1.293972003e+02	2.284349771e+03	1.029262671e+03	3.348914743e+02	0.000000000e+00	
1.287709150e+02	2.437226414e+03	1.097138915e+03	3.568582997e+02	0.000000000e+00	
1.281462089e+02	2.602781733e+03	1.170595598e+03	3.806520587e+02	0.000000000e+00	
1.275230779e+02	2.782286455e+03	1.250189210e+03	4.064588542e+02	0.000000000e+00	
1.269015181e+02	2.977149026e+03	1.336536326e+03	4.344867367e+02	0.000000000e+00	
1.262815255e+02	3.188875321e+03	1.430295612e+03	4.649689712e+02	0.000000000e+00	
1.256630962e+02	3.419343646e+03	1.532297472e+03	4.981663354e+02	0.000000000e+00	
1.250462262e+02	3.670432050e+03	1.643357018e+03	5.343710467e+02	0.000000000e+00	
1.244309116e+02	3.944427276e+03	1.764472904e+03	5.739125860e+02	0.000000000e+00	
1.238171485e+02	4.243853536e+03	1.896748187e+03	6.171599262e+02	0.000000000e+00	
1.232049330e+02	4.571519875e+03	2.041410888e+03	6.645294328e+02	0.000000000e+00	
1.225942612e+02	4.925520714e+03	2.197581296e+03	7.157506097e+02	0.000000000e+00	
1.219851291e+02	5.322770134e+03	2.372768762e+03	7.732939531e+02	0.000000000e+00	
1.213775329e+02	5.760074460e+03	2.565504124e+03	8.367034680e+02	0.000000000e+00	
1.207714687e+02	6.241047694e+03	2.777354395e+03	9.065215687e+02	0.000000000e+00	
1.201669327e+02	6.769540419e+03	3.009987305e+03	9.833268698e+02	0.000000000e+00	
1.195639210e+02	7.349608936e+03	3.265157855e+03	1.067731116e+03	0.000000000e+00	
1.189624297e+02	7.985474587e+03	3.544690559e+03	1.160374443e+03	0.000000000e+00	
1.183624551e+02	8.681511083e+03	3.850473174e+03	1.261922921e+03	0.000000000e+00	
1.177639933e+02	9.442123955e+03	4.184404750e+03	1.373052579e+03	0.000000000e+00	
1.171670404e+02	1.027169055e+04	4.548367805e+03	1.494439322e+03	0.000000000e+00	
1.165715928e+02	1.117443018e+04	4.944173558e+03	1.626741570e+03	0.000000000e+00	
1.159776465e+02	1.215431791e+04	5.373522278e+03	1.770580708e+03	0.000000000e+00	
1.153851978e+02	1.321466360e+04	5.837818412e+03	1.926501972e+03	0.000000000e+00	
1.147942430e+02	1.435820590e+04	6.338218371e+03	2.094950800e+03	0.000000000e+00	
1.142047782e+02	1.558644932e+04	6.875335705e+03	2.276209428e+03	0.000000000e+00	
1.136167997e+02	1.689952369e+04	7.449181254e+03	2.470357566e+03	0.000000000e+00	
1.130303037e+02	1.829558465e+04	8.058902211e+03	2.677184602e+03	0.000000000e+00	
1.124452866e+02	1.977035361e+04	8.702583467e+03	2.896120691e+03	0.000000000e+00	
1.118617446e+02	2.131645411e+04	9.376956797e+03	3.126134911e+03	0.000000000e+00	
1.112796739e+02	2.292265230e+04	1.007707299e+04	3.365620914e+03	0.000000000e+00	
1.106990709e+02	2.457291918e+04	1.079589269e+04	3.612253616e+03	0.000000000e+00	
1.101199319e+02	2.624581801e+04	1.152402336e+04	3.862890982e+03	0.000000000e+00	
1.095422531e+02	2.791302875e+04	1.224907324e+04	4.113351528e+03	0.000000000e+00	
1.089660309e+02	2.953739177e+04	1.295480325e+04	4.358113387e+03	0.000000000e+00	
1.083912616e+02	3.107242264e+04	1.362091567e+04	4.590232596e+03	0.000000000e+00	
1.078179415e+02	3.246156294e+04	1.422273526e+04	4.801218865e+03	0.000000000e+00	
1.072460671e+02	3.363793234e+04	1.473110432e+04	4.980991373e+03	0.000000000e+00	
1.066756346e+02	3.452441362e+04	1.511242379e+04	5.117886916e+03	0.000000000e+00	
1.061066404e+02	3.503510793e+04	1.532929104e+04	5.198824910e+03	0.000000000e+00	
1.055390809e+02	3.507983676e+04	1.534242596e+04	5.209831835e+03	0.000000000e+00	
1.049729525e+02	3.456100419e+04	1.510933276e+04	5.136834848e+03	0.000000000e+00	
1.044082515e+02	3.340017441e+04	1.459614116e+04	4.967120681e+03	0.000000000e+00	
1.038449744e+02	3.153183906e+04	1.377454850e+04	4.691196052e+03	0.000000000e+00	
1.032831175e+02	2.893306035e+04	1.263480513e+04	4.305537019e+03	0.000000000e+00	
1.027226774e+02	2.564158605e+04	1.119364558e+04	3.815812763e+03	0.000000000e+00	
1.021636503e+02	2.177797458e+04	9.503913506e+03	3.240199424e+03	0.000000000e+00	
1.016060329e+02	1.756053969e+04	7.661009753e+03	2.611566182e+03	0.000000000e+00	
1.010498214e+02	1.329777457e+04	5.799558577e+03	1.976272260e+03	0.000000000e+00	
1.004950123e+02	9.344185169e+03	4.074074576e+03	1.387428557e+03	0.000000000e+00	
9.994160224e+01	6.017862933e+03	2.623042416e+03	8.925197865e+02	0.000000000e+00	
9.938958752e+01	3.509836564e+03	1.529427934e+03	5.198580187e+02	0.000000000e+00	
9.883896468e+01	1.834021493e+03	7.989680027e+02	2.712402765e+02	0.000000000e+00	
9.828973020e+01	8.508039380e+02	3.705450532e+02	1.256250316e+02	0.000000000e+00	
9.774188058e+01	3.478465429e+02	1.514572554e+02	5.127333354e+01	0.000000000e+00	
9.719541233e+01	1.246496851e+02	5.426118691e+01	1.834107462e+01	0.000000000e+00	
9.665032197e+01	3.899979781e+01	1.697311645e+01	5.728108454e+00	0.000000000e+00	
9.610660603e+01	1.062759044e+01	4.624245440e+00	1.558085921e+00	0.000000000e+00	
9.556426103e+01	2.519011342e+00	1.095846116e+00	3.686343859e-01	0.000000000e+00	
9.502328353e+01	5.191074855e-01	2.257862843e-01	7.582992003e-02	0.000000000e+00	
9.448367007e+01	9.302928711e-02	4.045653091e-02	1.356537273e-02	0.000000000e+00	
9.394541721e+01	1.450939688e-02	6.308922327e-03	2.112053128e-03	0.000000000e+00	
9.340852152e+01	1.971611587e-03	8.571795147e-04	2.865068014e-04	0.000000000e+00	
9.287297959e+01	2.337371729e-04	1.016090694e-04	3.390944351e-05	0.000000000e+00	
9.233878800e+01	2.421197958e-05	1.052442149e-05	3.506896920e-06	0.000000000e+00	
9.180594334e+01	2.195061606e-06	9.540847048e-07	3.174348132e-07	0.000000000e+00	
9.127444221e+01	1.744628147e-07	7.582680305e-08	2.519112888e-08	0.000000000e+00	
9.074428124e+01	1.217690251e-08	5.292313771e-09	1.755656806e-09	0.000000000e+00	
9.021545703e+01	7.476127154e-10	3.249237895e-10	1.076338083e-10	0.000000000e+00	
8.968796622e+01	4.044107470e-11	1.757641146e-11	5.814058784e-12	0.000000000e+00	
8.916180546e+01	1.930396164e-12	8.390045331e-13	2.771416010e-13	0.000000000e+00	
8.863697137e+01	8.143336867e-14	3.539438027e-14	1.167522830e-14	0.000000000e+00	
8.811346063e+01	3.040303889e-15	1.321510710e-15	4.353122044e-16	0.000000000e+00	
8.759126988e+01	1.005995622e-16	4.372964206e-17	1.438492608e-17	0.000000000e+00	
8.707039581e+01	2.954302576e-18	1.284275750e-18	4.218797784e-19	0.000000000e+00	
8.655083510e+01	7.710245838e-20	3.352007942e-20	1.099605161e-20	0.000000000e+00	
8.603258442e+01	1.790787907e-21	7.785897310e-22	2.550581740e-22	0.000000000e+00	
8.551564049e+01	3.705843557e-23	1.611354150e-23	5.271182814e-24	0.000000000e+00	
8.500000000e+01	2.288218582e-26	8.643146458e-27	4.830671434e-27	0.000000000e+00	
#	AeroPlanets 1.01
#	Copyright G Gronoff 2009
#	Report bugs : guillaume.gronoff@gmail.com
#
#	Launched :Tue Dec 19 13:05:08 2017
# Planet:Earth
# Electron impact ionization used
# Electron impact ionization error: -27.5547% (>0 : gain)

