# Species production
# Productions in cm-3
# Altitude in km
6.000000000e+02	
5.981871170e+02	
5.963788051e+02	
5.945750527e+02	
5.927758484e+02	
5.909811807e+02	
5.891910381e+02	
5.874054093e+02	
5.856242828e+02	
5.838476474e+02	
5.820754916e+02	
5.803078042e+02	
5.785445740e+02	
5.767857896e+02	
5.750314399e+02	
5.732815137e+02	
5.715359998e+02	
5.697948871e+02	
5.680581646e+02	
5.663258210e+02	
5.645978455e+02	
5.628742270e+02	
5.611549545e+02	
5.594400171e+02	
5.577294037e+02	
5.560231036e+02	
5.543211058e+02	
5.526233995e+02	
5.509299738e+02	
5.492408181e+02	
5.475559214e+02	
5.458752731e+02	
5.441988625e+02	
5.425266788e+02	
5.408587115e+02	
5.391949498e+02	
5.375353832e+02	
5.358800011e+02	
5.342287930e+02	
5.325817483e+02	
5.309388565e+02	
5.293001072e+02	
5.276654899e+02	
5.260349942e+02	
5.244086096e+02	
5.227863260e+02	
5.211681328e+02	
5.195540198e+02	
5.179439766e+02	
5.163379932e+02	
5.147360591e+02	
5.131381641e+02	
5.115442982e+02	
5.099544512e+02	
5.083686128e+02	
5.067867730e+02	
5.052089218e+02	
5.036350490e+02	
5.020651447e+02	
5.004991987e+02	
4.989372012e+02	
4.973791422e+02	
4.958250118e+02	
4.942748000e+02	
4.927284970e+02	
4.911860928e+02	
4.896475778e+02	
4.881129421e+02	
4.865821758e+02	
4.850552693e+02	
4.835322128e+02	
4.820129965e+02	
4.804976109e+02	
4.789860463e+02	
4.774782930e+02	
4.759743414e+02	
4.744741819e+02	
4.729778050e+02	
4.714852011e+02	
4.699963607e+02	
4.685112743e+02	
4.670299326e+02	
4.655523259e+02	
4.640784449e+02	
4.626082802e+02	
4.611418225e+02	
4.596790624e+02	
4.582199905e+02	
4.567645976e+02	
4.553128743e+02	
4.538648115e+02	
4.524204000e+02	
4.509796304e+02	
4.495424936e+02	
4.481089805e+02	
4.466790819e+02	
4.452527887e+02	
4.438300919e+02	
4.424109822e+02	
4.409954508e+02	
4.395834886e+02	
4.381750865e+02	
4.367702357e+02	
4.353689271e+02	
4.339711518e+02	
4.325769009e+02	
4.311861656e+02	
4.297989369e+02	
4.284152060e+02	
4.270349641e+02	
4.256582024e+02	
4.242849122e+02	
4.229150846e+02	
4.215487110e+02	
4.201857825e+02	
4.188262907e+02	
4.174702267e+02	
4.161175820e+02	
4.147683478e+02	
4.134225157e+02	
4.120800770e+02	
4.107410232e+02	
4.094053458e+02	
4.080730362e+02	
4.067440859e+02	
4.054184865e+02	
4.040962295e+02	
4.027773065e+02	
4.014617091e+02	
4.001494289e+02	
3.988404576e+02	
3.975347867e+02	
3.962324080e+02	
3.949333132e+02	
3.936374940e+02	
3.923449421e+02	
3.910556493e+02	
3.897696073e+02	
3.884868081e+02	
3.872072434e+02	
3.859309050e+02	
3.846577848e+02	
3.833878747e+02	
3.821211667e+02	
3.808576525e+02	
3.795973243e+02	
3.783401738e+02	
3.770861932e+02	
3.758353745e+02	
3.745877096e+02	
3.733431907e+02	
3.721018097e+02	
3.708635588e+02	
3.696284300e+02	
3.683964156e+02	
3.671675076e+02	
3.659416983e+02	
3.647189797e+02	
3.634993442e+02	
3.622827839e+02	
3.610692911e+02	
3.598588580e+02	
3.586514770e+02	
3.574471403e+02	
3.562458403e+02	
3.550475693e+02	
3.538523197e+02	
3.526600838e+02	
3.514708541e+02	
3.502846229e+02	
3.491013828e+02	
3.479211261e+02	
3.467438454e+02	
3.455695331e+02	
3.443981818e+02	
3.432297840e+02	
3.420643322e+02	
3.409018191e+02	
3.397422371e+02	
3.385855790e+02	
3.374318373e+02	
3.362810047e+02	
3.351330739e+02	
3.339880375e+02	
3.328458883e+02	
3.317066189e+02	
3.305702221e+02	
3.294366907e+02	
3.283060174e+02	
3.271781950e+02	
3.260532164e+02	
3.249310744e+02	
3.238117617e+02	
3.226952714e+02	
3.215815962e+02	
3.204707291e+02	
3.193626629e+02	
3.182573907e+02	
3.171549054e+02	
3.160551999e+02	
3.149582673e+02	
3.138641005e+02	
3.127726926e+02	
3.116840366e+02	
3.105981256e+02	
3.095149527e+02	
3.084345109e+02	
3.073567934e+02	
3.062817933e+02	
3.052095037e+02	
3.041399179e+02	
3.030730290e+02	
3.020088301e+02	
3.009473146e+02	
2.998884756e+02	
2.988323065e+02	
2.977788003e+02	
2.967279506e+02	
2.956797505e+02	
2.946341934e+02	
2.935912726e+02	
2.925509814e+02	
2.915133133e+02	
2.904782616e+02	
2.894458198e+02	
2.884159812e+02	
2.873887392e+02	
2.863640874e+02	
2.853420192e+02	
2.843225281e+02	
2.833056075e+02	
2.822912511e+02	
2.812794523e+02	
2.802702047e+02	
2.792635019e+02	
2.782593374e+02	
2.772577048e+02	
2.762585978e+02	
2.752620100e+02	
2.742679350e+02	
2.732763666e+02	
2.722872983e+02	
2.713007239e+02	
2.703166371e+02	
2.693350316e+02	
2.683559011e+02	
2.673792395e+02	
2.664050405e+02	
2.654332979e+02	
2.644640054e+02	
2.634971570e+02	
2.625327464e+02	
2.615707676e+02	
2.606112143e+02	
2.596540804e+02	
2.586993600e+02	
2.577470467e+02	
2.567971347e+02	
2.558496179e+02	
2.549044901e+02	
2.539617455e+02	
2.530213779e+02	
2.520833814e+02	
2.511477500e+02	
2.502144777e+02	
2.492835587e+02	
2.483549869e+02	
2.474287564e+02	
2.465048614e+02	
2.455832959e+02	
2.446640541e+02	
2.437471301e+02	
2.428325181e+02	
2.419202122e+02	
2.410102066e+02	
2.401024956e+02	
2.391970733e+02	
2.382939340e+02	
2.373930719e+02	
2.364944812e+02	
2.355981563e+02	
2.347040915e+02	
2.338122810e+02	
2.329227191e+02	
2.320354002e+02	
2.311503186e+02	
2.302674687e+02	
2.293868449e+02	
2.285084415e+02	
2.276322529e+02	
2.267582736e+02	
2.258864980e+02	
2.250169205e+02	
2.241495357e+02	
2.232843378e+02	
2.224213216e+02	
2.215604813e+02	
2.207018116e+02	
2.198453071e+02	
2.189909621e+02	
2.181387713e+02	
2.172887293e+02	
2.164408306e+02	
2.155950698e+02	
2.147514416e+02	
2.139099405e+02	
2.130705612e+02	
2.122332984e+02	
2.113981467e+02	
2.105651007e+02	
2.097341553e+02	
2.089053050e+02	
2.080785446e+02	
2.072538689e+02	
2.064312725e+02	
2.056107502e+02	
2.047922969e+02	
2.039759072e+02	
2.031615760e+02	
2.023492981e+02	
2.015390683e+02	
2.007308815e+02	
1.999247324e+02	
1.991206161e+02	
1.983185272e+02	
1.975184608e+02	
1.967204117e+02	
1.959243748e+02	
1.951303451e+02	
1.943383174e+02	
1.935482869e+02	
1.927602483e+02	
1.919741968e+02	
1.911901272e+02	
1.904080346e+02	
1.896279140e+02	
1.888497605e+02	
1.880735690e+02	
1.872993346e+02	
1.865270524e+02	
1.857567175e+02	
1.849883250e+02	
1.842218699e+02	
1.834573473e+02	
1.826947525e+02	
1.819340805e+02	
1.811753265e+02	
1.804184857e+02	
1.796635532e+02	
1.789105242e+02	
1.781593939e+02	
1.774101575e+02	
1.766628103e+02	
1.759173475e+02	
1.751737644e+02	
1.744320561e+02	
1.736922180e+02	
1.729542454e+02	
1.722181336e+02	
1.714838778e+02	
1.707514733e+02	
1.700209156e+02	
1.692922000e+02	
1.685653218e+02	
1.678402763e+02	
1.671170590e+02	
1.663956653e+02	
1.656760905e+02	
1.649583301e+02	
1.642423794e+02	
1.635282340e+02	
1.628158893e+02	
1.621053407e+02	
1.613965837e+02	
1.606896138e+02	
1.599844265e+02	
1.592810173e+02	
1.585793817e+02	
1.578795152e+02	
1.571814134e+02	
1.564850718e+02	
1.557904860e+02	
1.550976516e+02	
1.544065641e+02	
1.537172191e+02	
1.530296123e+02	
1.523437392e+02	
1.516595956e+02	
1.509771769e+02	
1.502964790e+02	
1.496174973e+02	
1.489402277e+02	
1.482646658e+02	
1.475908073e+02	
1.469186479e+02	
1.462481833e+02	
1.455794092e+02	
1.449123214e+02	
1.442469156e+02	
1.435831876e+02	
1.429211332e+02	
1.422607480e+02	
1.416020281e+02	
1.409449690e+02	
1.402895667e+02	
1.396358169e+02	
1.389837155e+02	
1.383332584e+02	
1.376844413e+02	
1.370372602e+02	
1.363917109e+02	
1.357477894e+02	
1.351054914e+02	
1.344648130e+02	
1.338257500e+02	
1.331882984e+02	
1.325524540e+02	
1.319182130e+02	
1.312855711e+02	
1.306545244e+02	
1.300250688e+02	
1.293972003e+02	
1.287709150e+02	
1.281462089e+02	
1.275230779e+02	
1.269015181e+02	
1.262815255e+02	
1.256630962e+02	
1.250462262e+02	
1.244309116e+02	
1.238171485e+02	
1.232049330e+02	
1.225942612e+02	
1.219851291e+02	
1.213775329e+02	
1.207714687e+02	
1.201669327e+02	
1.195639210e+02	
1.189624297e+02	
1.183624551e+02	
1.177639933e+02	
1.171670404e+02	
1.165715928e+02	
1.159776465e+02	
1.153851978e+02	
1.147942430e+02	
1.142047782e+02	
1.136167997e+02	
1.130303037e+02	
1.124452866e+02	
1.118617446e+02	
1.112796739e+02	
1.106990709e+02	
1.101199319e+02	
1.095422531e+02	
1.089660309e+02	
1.083912616e+02	
1.078179415e+02	
1.072460671e+02	
1.066756346e+02	
1.061066404e+02	
1.055390809e+02	
1.049729525e+02	
1.044082515e+02	
1.038449744e+02	
1.032831175e+02	
1.027226774e+02	
1.021636503e+02	
1.016060329e+02	
1.010498214e+02	
1.004950123e+02	
9.994160224e+01	
9.938958752e+01	
9.883896468e+01	
9.828973020e+01	
9.774188058e+01	
9.719541233e+01	
9.665032197e+01	
9.610660603e+01	
9.556426103e+01	
9.502328353e+01	
9.448367007e+01	
9.394541721e+01	
9.340852152e+01	
9.287297959e+01	
9.233878800e+01	
9.180594334e+01	
9.127444221e+01	
9.074428124e+01	
9.021545703e+01	
8.968796622e+01	
8.916180546e+01	
8.863697137e+01	
8.811346063e+01	
8.759126988e+01	
8.707039581e+01	
8.655083510e+01	
8.603258442e+01	
8.551564049e+01	
8.500000000e+01	
#	AeroPlanets 1.01
#	Copyright G Gronoff 2009
#	Report bugs : guillaume.gronoff@gmail.com
#
#	Launched :Tue Dec 19 13:05:08 2017
# Planet:Earth
# Electron impact ionization used
# Electron impact ionization error: -27.5547% (>0 : gain)

