# Cross section for N2
# Energy in eV
# Cross section in cm2
# Total Cross Section
# Process 0 : N2 + hv -> N2+ + e
# Process 1 : N2+ + hv -> N+ + N + e
# Process 2 : N2 + hv -> N2++ + 2e 
# Process 3 : N2 + ph -> .57 x N2++(X-KSHELL) 0.43 x O+(X) 0.43 x Fluo-auger(X) 
# Process 4 : N2 + ph -> 1. x N2+(A) 
# Process 5 : N2 + ph -> 1. x N2+(B) 
# Process 6 : N2 + ph -> 1. x N2+(F) 
# Process 7 : N2 + ph -> 1. x N2+(G) 
# Process 8 : N2 + ph -> 1. x N2+(2Sg) 
5.329145440e+02	8.892596269e-19	4.682872668e-20	5.135550560e-19	2.699415154e-21	8.424309003e-19	1.732662887e-20	4.682872668e-21	2.341436334e-21	1.873149067e-21	7.960883536e-21	
3.306245335e+02	1.372054795e-19	1.621292293e-19	6.006520550e-20	3.799999997e-21	0.000000000e+00	5.998781484e-20	1.621292293e-20	8.106461464e-21	6.485169171e-21	2.756196898e-20	
1.859763000e+02	4.397076926e-19	6.091872513e-19	1.751499147e-19	2.099889445e-20	0.000000000e+00	2.253992830e-19	6.091872513e-20	3.045936256e-20	2.436749005e-20	1.035618327e-19	
1.033201667e+02	1.624999994e-18	2.160002391e-18	4.739999987e-19	9.500000062e-20	0.000000000e+00	7.992011147e-19	2.160003013e-19	1.080001506e-19	8.640012051e-20	3.672005121e-19	
7.232411665e+01	4.208874357e-18	4.381908898e-18	8.849477221e-19	1.499989307e-19	0.000000000e+00	1.835200257e-18	4.960000695e-19	2.480000348e-19	1.984000278e-19	8.432001182e-19	
5.579289000e+01	7.751621310e-18	6.560242934e-18	1.191378376e-18	1.200022564e-19	0.000000000e+00	3.104300000e-18	8.390000000e-19	4.195000000e-19	3.356000000e-19	1.426300000e-18	
4.898915955e+01	1.007458200e-17	8.965678097e-18	1.113397061e-18	1.475150167e-19	0.000000000e+00	3.989999842e-18	1.154999901e-18	7.349998352e-19	4.199999912e-19	1.365000270e-18	
4.837963910e+01	1.021808613e-17	9.162017848e-18	1.062909696e-18	1.499797807e-19	0.000000000e+00	3.775757153e-18	1.021098221e-18	5.118303676e-19	4.080976196e-19	1.730998197e-18	
4.600400090e+01	1.077740110e-17	9.927262415e-18	8.661325218e-19	8.004135700e-20	0.000000000e+00	3.989999918e-18	1.154999949e-18	7.349999146e-19	4.199999954e-19	1.365000140e-18	
4.248571470e+01	1.160573857e-17	1.106057868e-17	5.747083406e-19	0.000000000e+00	0.000000000e+00	3.995081643e-18	1.155380259e-18	7.352419830e-19	4.201382760e-19	1.362623381e-18	
4.110756160e+01	1.193020786e-17	1.150451167e-17	4.605541429e-19	0.000000000e+00	0.000000000e+00	6.115997514e-18	1.528999563e-18	8.339998842e-19	4.170000035e-19	5.560009461e-19	
4.088205650e+01	1.198330028e-17	1.157715175e-17	4.418752647e-19	0.000000000e+00	0.000000000e+00	5.168983132e-18	1.292245783e-18	9.337889675e-19	4.668944837e-19	8.132990043e-19	
4.085043455e+01	1.199074528e-17	1.158733786e-17	4.392559779e-19	0.000000000e+00	0.000000000e+00	5.962841467e-18	1.490710367e-18	8.501386058e-19	4.250693029e-19	5.976122874e-19	
4.081881260e+01	1.199819028e-17	1.159752398e-17	4.366366910e-19	0.000000000e+00	0.000000000e+00	5.301147274e-18	1.325286818e-18	9.198625806e-19	4.106865750e-19	7.773907717e-19	
3.811893485e+01	1.407751558e-17	1.362557769e-17	4.453488201e-19	0.000000000e+00	0.000000000e+00	6.114205589e-18	1.528551397e-18	8.341890805e-19	4.169860970e-19	5.564875311e-19	
3.455950415e+01	1.662991250e-17	1.615510900e-17	4.524882100e-19	0.000000000e+00	0.000000000e+00	7.543998333e-18	1.476000062e-18	4.920003993e-19	3.280001039e-19	0.000000000e+00	
3.368995120e+01	1.714271264e-17	1.668842115e-17	4.512574897e-19	0.000000000e+00	0.000000000e+00	7.772684722e-18	1.688776220e-18	5.069142210e-19	3.379428140e-19	0.000000000e+00	
3.234050060e+01	1.793852210e-17	1.751606299e-17	4.493475470e-19	0.000000000e+00	0.000000000e+00	7.544852301e-18	1.476793011e-18	4.920555849e-19	3.280370566e-19	0.000000000e+00	
2.927404720e+01	2.056894852e-17	2.016894852e-17	4.223450384e-19	0.000000000e+00	0.000000000e+00	9.982001972e-18	1.735999883e-18	2.169997208e-19	0.000000000e+00	0.000000000e+00	
2.710635215e+01	2.389355009e-17	2.364839016e-17	2.873598870e-19	0.000000000e+00	0.000000000e+00	1.150894761e-17	1.645359275e-18	8.567316626e-22	0.000000000e+00	0.000000000e+00	
2.665565990e+01	2.395604747e-17	2.376088545e-17	2.358120458e-19	0.000000000e+00	0.000000000e+00	1.137501957e-17	1.845924292e-18	0.000000000e+00	0.000000000e+00	0.000000000e+00	
2.572374995e+01	2.408527519e-17	2.399349535e-17	1.292250209e-19	0.000000000e+00	0.000000000e+00	1.151283639e-17	1.648105585e-18	0.000000000e+00	0.000000000e+00	0.000000000e+00	
2.366971090e+01	2.476685794e-17	2.410149540e-17	0.000000000e+00	0.000000000e+00	0.000000000e+00	1.273999946e-17	1.959999861e-18	0.000000000e+00	0.000000000e+00	0.000000000e+00	
2.245873225e+01	2.492231755e-17	2.392975674e-17	0.000000000e+00	0.000000000e+00	0.000000000e+00	1.254000037e-17	2.051999829e-18	0.000000000e+00	0.000000000e+00	0.000000000e+00	
2.236988270e+01	2.504421943e-17	2.349805910e-17	0.000000000e+00	0.000000000e+00	0.000000000e+00	1.298873330e-17	2.162763283e-18	0.000000000e+00	0.000000000e+00	0.000000000e+00	
2.179653210e+01	2.398556473e-17	2.336464430e-17	0.000000000e+00	0.000000000e+00	0.000000000e+00	1.254413534e-17	2.053020748e-18	0.000000000e+00	0.000000000e+00	0.000000000e+00	
2.122318150e+01	2.310599902e-17	2.300247018e-17	0.000000000e+00	0.000000000e+00	0.000000000e+00	1.232191912e-17	2.016314039e-18	0.000000000e+00	0.000000000e+00	0.000000000e+00	
2.094110740e+01	2.327414576e-17	2.282585424e-17	0.000000000e+00	0.000000000e+00	0.000000000e+00	1.253610229e-17	2.051362192e-18	0.000000000e+00	0.000000000e+00	0.000000000e+00	
2.049865600e+01	2.508137623e-17	2.451899776e-17	0.000000000e+00	0.000000000e+00	0.000000000e+00	1.372494340e-17	1.643364620e-18	0.000000000e+00	0.000000000e+00	0.000000000e+00	
2.001587420e+01	2.799582792e-17	2.733372120e-17	0.000000000e+00	0.000000000e+00	0.000000000e+00	1.373534356e-17	1.637534438e-18	0.000000000e+00	0.000000000e+00	0.000000000e+00	
1.969346970e+01	2.419337968e-17	2.350000000e-17	0.000000000e+00	0.000000000e+00	0.000000000e+00	1.403545623e-17	1.177149075e-18	0.000000000e+00	0.000000000e+00	0.000000000e+00	
1.938148100e+01	2.939417888e-17	2.742619504e-17	0.000000000e+00	0.000000000e+00	0.000000000e+00	1.375169660e-17	1.623610465e-18	0.000000000e+00	0.000000000e+00	0.000000000e+00	
1.839326045e+01	2.162104225e-17	1.830956466e-17	0.000000000e+00	0.000000000e+00	0.000000000e+00	1.897999760e-17	0.000000000e+00	0.000000000e+00	0.000000000e+00	0.000000000e+00	
1.767534935e+01	2.402054899e-17	1.833232940e-17	0.000000000e+00	0.000000000e+00	0.000000000e+00	1.057736609e-17	0.000000000e+00	0.000000000e+00	0.000000000e+00	0.000000000e+00	
1.763367015e+01	2.427115950e-17	1.848269570e-17	0.000000000e+00	0.000000000e+00	0.000000000e+00	1.622411782e-17	0.000000000e+00	0.000000000e+00	0.000000000e+00	0.000000000e+00	
1.707994845e+01	2.655222434e-17	2.018302664e-17	0.000000000e+00	0.000000000e+00	0.000000000e+00	1.063629787e-17	0.000000000e+00	0.000000000e+00	0.000000000e+00	0.000000000e+00	
1.637256720e+01	3.489521054e-17	1.615976434e-17	0.000000000e+00	0.000000000e+00	0.000000000e+00	0.000000000e+00	0.000000000e+00	0.000000000e+00	0.000000000e+00	0.000000000e+00	
1.620890770e+01	4.280752264e-17	3.147496698e-17	0.000000000e+00	0.000000000e+00	0.000000000e+00	0.000000000e+00	0.000000000e+00	0.000000000e+00	0.000000000e+00	0.000000000e+00	
1.615359135e+01	1.766587557e-17	1.263451586e-17	0.000000000e+00	0.000000000e+00	0.000000000e+00	0.000000000e+00	0.000000000e+00	0.000000000e+00	0.000000000e+00	0.000000000e+00	
1.609827500e+01	1.328859067e-17	9.460724008e-18	0.000000000e+00	0.000000000e+00	0.000000000e+00	0.000000000e+00	0.000000000e+00	0.000000000e+00	0.000000000e+00	0.000000000e+00	
1.590510105e+01	1.654768967e-17	9.572799119e-18	0.000000000e+00	0.000000000e+00	0.000000000e+00	0.000000000e+00	0.000000000e+00	0.000000000e+00	0.000000000e+00	0.000000000e+00	
1.571192710e+01	2.368110002e-17	1.208326995e-17	0.000000000e+00	0.000000000e+00	0.000000000e+00	0.000000000e+00	0.000000000e+00	0.000000000e+00	0.000000000e+00	0.000000000e+00	
1.560247605e+01	3.721560344e-17	5.278046606e-18	0.000000000e+00	0.000000000e+00	0.000000000e+00	0.000000000e+00	0.000000000e+00	0.000000000e+00	0.000000000e+00	0.000000000e+00	
1.504220075e+01	9.668217023e-18	0.000000000e+00	0.000000000e+00	0.000000000e+00	0.000000000e+00	0.000000000e+00	0.000000000e+00	0.000000000e+00	0.000000000e+00	0.000000000e+00	
1.418119935e+01	4.348030886e-19	0.000000000e+00	0.000000000e+00	0.000000000e+00	0.000000000e+00	0.000000000e+00	0.000000000e+00	0.000000000e+00	0.000000000e+00	0.000000000e+00	
1.341349530e+01	4.174092535e-18	0.000000000e+00	0.000000000e+00	0.000000000e+00	0.000000000e+00	0.000000000e+00	0.000000000e+00	0.000000000e+00	0.000000000e+00	0.000000000e+00	
1.287550275e+01	1.232806775e-17	0.000000000e+00	0.000000000e+00	0.000000000e+00	0.000000000e+00	0.000000000e+00	0.000000000e+00	0.000000000e+00	0.000000000e+00	0.000000000e+00	
1.269503710e+01	7.837874173e-20	0.000000000e+00	0.000000000e+00	0.000000000e+00	0.000000000e+00	0.000000000e+00	0.000000000e+00	0.000000000e+00	0.000000000e+00	0.000000000e+00	
1.254422855e+01	1.906533167e-18	0.000000000e+00	0.000000000e+00	0.000000000e+00	0.000000000e+00	0.000000000e+00	0.000000000e+00	0.000000000e+00	0.000000000e+00	0.000000000e+00	
1.224797440e+01	4.553308081e-20	0.000000000e+00	0.000000000e+00	0.000000000e+00	0.000000000e+00	0.000000000e+00	0.000000000e+00	0.000000000e+00	0.000000000e+00	0.000000000e+00	
1.209252880e+01	2.324453490e-21	0.000000000e+00	0.000000000e+00	0.000000000e+00	0.000000000e+00	0.000000000e+00	0.000000000e+00	0.000000000e+00	0.000000000e+00	0.000000000e+00	
1.205627475e+01	8.699275063e-22	0.000000000e+00	0.000000000e+00	0.000000000e+00	0.000000000e+00	0.000000000e+00	0.000000000e+00	0.000000000e+00	0.000000000e+00	0.000000000e+00	
1.202002070e+01	7.201730761e-22	0.000000000e+00	0.000000000e+00	0.000000000e+00	0.000000000e+00	0.000000000e+00	0.000000000e+00	0.000000000e+00	0.000000000e+00	0.000000000e+00	
1.191151990e+01	1.000000000e-35	0.000000000e+00	0.000000000e+00	0.000000000e+00	0.000000000e+00	0.000000000e+00	0.000000000e+00	0.000000000e+00	0.000000000e+00	0.000000000e+00	
#	AeroPlanets 1.01
#	Copyright G Gronoff 2009
#	Report bugs : guillaume.gronoff@gmail.com
#
#	Launched :Tue Dec 19 13:01:53 2017
# Planet:Anonymous
# Photoionization used
# Electron impact ionization used
# Electron impact ionization error: -0.13696% (>0 : gain)

