# Atmosphere temperatures 
# Temperature in K
# Altitude in km
# Neutral T
# Electron T
# Ion T
1.600000000e+03	1.750000000e+02	1.750000000e+02	1.750000000e+02
1.596803200e+03	1.750000000e+02	1.750000000e+02	1.750000000e+02
1.593612800e+03	1.750000000e+02	1.750000000e+02	1.750000000e+02
1.590428800e+03	1.750000000e+02	1.750000000e+02	1.750000000e+02
1.587251200e+03	1.750000000e+02	1.750000000e+02	1.750000000e+02
1.584080000e+03	1.750000000e+02	1.750000000e+02	1.750000000e+02
1.580915200e+03	1.750000000e+02	1.750000000e+02	1.750000000e+02
1.577756800e+03	1.750000000e+02	1.750000000e+02	1.750000000e+02
1.574604800e+03	1.750000000e+02	1.750000000e+02	1.750000000e+02
1.571459200e+03	1.750000000e+02	1.750000000e+02	1.750000000e+02
1.568320000e+03	1.750000000e+02	1.750000000e+02	1.750000000e+02
1.565187200e+03	1.750000000e+02	1.750000000e+02	1.750000000e+02
1.562060800e+03	1.750000000e+02	1.750000000e+02	1.750000000e+02
1.558940800e+03	1.750000000e+02	1.750000000e+02	1.750000000e+02
1.555827200e+03	1.750000000e+02	1.750000000e+02	1.750000000e+02
1.552720000e+03	1.750000000e+02	1.750000000e+02	1.750000000e+02
1.549619200e+03	1.750000000e+02	1.750000000e+02	1.750000000e+02
1.546524800e+03	1.750000000e+02	1.750000000e+02	1.750000000e+02
1.543436800e+03	1.750000000e+02	1.750000000e+02	1.750000000e+02
1.540355200e+03	1.750000000e+02	1.750000000e+02	1.750000000e+02
1.537280000e+03	1.750000000e+02	1.750000000e+02	1.750000000e+02
1.534211200e+03	1.750000000e+02	1.750000000e+02	1.750000000e+02
1.531148800e+03	1.750000000e+02	1.750000000e+02	1.750000000e+02
1.528092800e+03	1.750000000e+02	1.750000000e+02	1.750000000e+02
1.525043200e+03	1.750000000e+02	1.750000000e+02	1.750000000e+02
1.522000000e+03	1.750000000e+02	1.750000000e+02	1.750000000e+02
1.518963200e+03	1.750000000e+02	1.750000000e+02	1.750000000e+02
1.515932800e+03	1.750000000e+02	1.750000000e+02	1.750000000e+02
1.512908800e+03	1.750000000e+02	1.750000000e+02	1.750000000e+02
1.509891200e+03	1.750000000e+02	1.750000000e+02	1.750000000e+02
1.506880000e+03	1.750000000e+02	1.750000000e+02	1.750000000e+02
1.503875200e+03	1.750000000e+02	1.750000000e+02	1.750000000e+02
1.500876800e+03	1.750000000e+02	1.750000000e+02	1.750000000e+02
1.497884800e+03	1.750000000e+02	1.750000000e+02	1.750000000e+02
1.494899200e+03	1.750000000e+02	1.750000000e+02	1.750000000e+02
1.491920000e+03	1.750000000e+02	1.750000000e+02	1.750000000e+02
1.488947200e+03	1.750000000e+02	1.750000000e+02	1.750000000e+02
1.485980800e+03	1.750000000e+02	1.750000000e+02	1.750000000e+02
1.483020800e+03	1.750000000e+02	1.750000000e+02	1.750000000e+02
1.480067200e+03	1.750000000e+02	1.750000000e+02	1.750000000e+02
1.477120000e+03	1.750000000e+02	1.750000000e+02	1.750000000e+02
1.474179200e+03	1.750000000e+02	1.750000000e+02	1.750000000e+02
1.471244800e+03	1.750000000e+02	1.750000000e+02	1.750000000e+02
1.468316800e+03	1.750000000e+02	1.750000000e+02	1.750000000e+02
1.465395200e+03	1.750000000e+02	1.750000000e+02	1.750000000e+02
1.462480000e+03	1.750000000e+02	1.750000000e+02	1.750000000e+02
1.459571200e+03	1.750000000e+02	1.750000000e+02	1.750000000e+02
1.456668800e+03	1.750000000e+02	1.750000000e+02	1.750000000e+02
1.453772800e+03	1.750000000e+02	1.750000000e+02	1.750000000e+02
1.450883200e+03	1.750000000e+02	1.750000000e+02	1.750000000e+02
1.448000000e+03	1.750000000e+02	1.750000000e+02	1.750000000e+02
1.445123200e+03	1.750000000e+02	1.750000000e+02	1.750000000e+02
1.442252800e+03	1.750000000e+02	1.750000000e+02	1.750000000e+02
1.439388800e+03	1.750000000e+02	1.750000000e+02	1.750000000e+02
1.436531200e+03	1.750000000e+02	1.750000000e+02	1.750000000e+02
1.433680000e+03	1.750000000e+02	1.750000000e+02	1.750000000e+02
1.430835200e+03	1.750000000e+02	1.750000000e+02	1.750000000e+02
1.427996800e+03	1.750000000e+02	1.750000000e+02	1.750000000e+02
1.425164800e+03	1.750000000e+02	1.750000000e+02	1.750000000e+02
1.422339200e+03	1.750000000e+02	1.750000000e+02	1.750000000e+02
1.419520000e+03	1.750000000e+02	1.750000000e+02	1.750000000e+02
1.416707200e+03	1.750000000e+02	1.750000000e+02	1.750000000e+02
1.413900800e+03	1.750000000e+02	1.750000000e+02	1.750000000e+02
1.411100800e+03	1.750000000e+02	1.750000000e+02	1.750000000e+02
1.408307200e+03	1.750000000e+02	1.750000000e+02	1.750000000e+02
1.405520000e+03	1.750000000e+02	1.750000000e+02	1.750000000e+02
1.402739200e+03	1.750000000e+02	1.750000000e+02	1.750000000e+02
1.399964800e+03	1.750000000e+02	1.750000000e+02	1.750000000e+02
1.397196800e+03	1.750000000e+02	1.750000000e+02	1.750000000e+02
1.394435200e+03	1.750000000e+02	1.750000000e+02	1.750000000e+02
1.391680000e+03	1.750000000e+02	1.750000000e+02	1.750000000e+02
1.388931200e+03	1.750000000e+02	1.750000000e+02	1.750000000e+02
1.386188800e+03	1.750000000e+02	1.750000000e+02	1.750000000e+02
1.383452800e+03	1.750000000e+02	1.750000000e+02	1.750000000e+02
1.380723200e+03	1.750000000e+02	1.750000000e+02	1.750000000e+02
1.378000000e+03	1.750000000e+02	1.750000000e+02	1.750000000e+02
1.375283200e+03	1.750000000e+02	1.750000000e+02	1.750000000e+02
1.372572800e+03	1.750000000e+02	1.750000000e+02	1.750000000e+02
1.369868800e+03	1.750000000e+02	1.750000000e+02	1.750000000e+02
1.367171200e+03	1.750000000e+02	1.750000000e+02	1.750000000e+02
1.364480000e+03	1.750000000e+02	1.750000000e+02	1.750000000e+02
1.361795200e+03	1.750000000e+02	1.750000000e+02	1.750000000e+02
1.359116800e+03	1.750000000e+02	1.750000000e+02	1.750000000e+02
1.356444800e+03	1.750000000e+02	1.750000000e+02	1.750000000e+02
1.353779200e+03	1.750000000e+02	1.750000000e+02	1.750000000e+02
1.351120000e+03	1.750000000e+02	1.750000000e+02	1.750000000e+02
1.348467200e+03	1.750000000e+02	1.750000000e+02	1.750000000e+02
1.345820800e+03	1.750000000e+02	1.750000000e+02	1.750000000e+02
1.343180800e+03	1.750000000e+02	1.750000000e+02	1.750000000e+02
1.340547200e+03	1.750000000e+02	1.750000000e+02	1.750000000e+02
1.337920000e+03	1.750000000e+02	1.750000000e+02	1.750000000e+02
1.335299200e+03	1.750000000e+02	1.750000000e+02	1.750000000e+02
1.332684800e+03	1.750000000e+02	1.750000000e+02	1.750000000e+02
1.330076800e+03	1.750000000e+02	1.750000000e+02	1.750000000e+02
1.327475200e+03	1.750000000e+02	1.750000000e+02	1.750000000e+02
1.324880000e+03	1.750000000e+02	1.750000000e+02	1.750000000e+02
1.322291200e+03	1.750000000e+02	1.750000000e+02	1.750000000e+02
1.319708800e+03	1.750000000e+02	1.750000000e+02	1.750000000e+02
1.317132800e+03	1.750000000e+02	1.750000000e+02	1.750000000e+02
1.314563200e+03	1.750000000e+02	1.750000000e+02	1.750000000e+02
1.312000000e+03	1.750000000e+02	1.750000000e+02	1.750000000e+02
1.309443200e+03	1.750000000e+02	1.750000000e+02	1.750000000e+02
1.306892800e+03	1.750000000e+02	1.750000000e+02	1.750000000e+02
1.304348800e+03	1.750000000e+02	1.750000000e+02	1.750000000e+02
1.301811200e+03	1.750000000e+02	1.750000000e+02	1.750000000e+02
1.299280000e+03	1.750000000e+02	1.750000000e+02	1.750000000e+02
1.296755200e+03	1.750000000e+02	1.750000000e+02	1.750000000e+02
1.294236800e+03	1.750000000e+02	1.750000000e+02	1.750000000e+02
1.291724800e+03	1.750000000e+02	1.750000000e+02	1.750000000e+02
1.289219200e+03	1.750000000e+02	1.750000000e+02	1.750000000e+02
1.286720000e+03	1.750000000e+02	1.750000000e+02	1.750000000e+02
1.284227200e+03	1.750000000e+02	1.750000000e+02	1.750000000e+02
1.281740800e+03	1.750000000e+02	1.750000000e+02	1.750000000e+02
1.279260800e+03	1.750000000e+02	1.750000000e+02	1.750000000e+02
1.276787200e+03	1.750000000e+02	1.750000000e+02	1.750000000e+02
1.274320000e+03	1.750000000e+02	1.750000000e+02	1.750000000e+02
1.271859200e+03	1.750000000e+02	1.750000000e+02	1.750000000e+02
1.269404800e+03	1.750000000e+02	1.750000000e+02	1.750000000e+02
1.266956800e+03	1.750000000e+02	1.750000000e+02	1.750000000e+02
1.264515200e+03	1.750000000e+02	1.750000000e+02	1.750000000e+02
1.262080000e+03	1.750000000e+02	1.750000000e+02	1.750000000e+02
1.259651200e+03	1.750000000e+02	1.750000000e+02	1.750000000e+02
1.257228800e+03	1.750000000e+02	1.750000000e+02	1.750000000e+02
1.254812800e+03	1.750000000e+02	1.750000000e+02	1.750000000e+02
1.252403200e+03	1.750000000e+02	1.750000000e+02	1.750000000e+02
1.250000000e+03	1.750000000e+02	1.750000000e+02	1.750000000e+02
1.247603200e+03	1.750000000e+02	1.750000000e+02	1.750000000e+02
1.245212800e+03	1.750000000e+02	1.750000000e+02	1.750000000e+02
1.242828800e+03	1.750000000e+02	1.750000000e+02	1.750000000e+02
1.240451200e+03	1.750000000e+02	1.750000000e+02	1.750000000e+02
1.238080000e+03	1.750000000e+02	1.750000000e+02	1.750000000e+02
1.235715200e+03	1.750000000e+02	1.750000000e+02	1.750000000e+02
1.233356800e+03	1.750000000e+02	1.750000000e+02	1.750000000e+02
1.231004800e+03	1.750000000e+02	1.750000000e+02	1.750000000e+02
1.228659200e+03	1.750000000e+02	1.750000000e+02	1.750000000e+02
1.226320000e+03	1.750000000e+02	1.750000000e+02	1.750000000e+02
1.223987200e+03	1.750000000e+02	1.750000000e+02	1.750000000e+02
1.221660800e+03	1.750000000e+02	1.750000000e+02	1.750000000e+02
1.219340800e+03	1.750000000e+02	1.750000000e+02	1.750000000e+02
1.217027200e+03	1.750000000e+02	1.750000000e+02	1.750000000e+02
1.214720000e+03	1.750000000e+02	1.750000000e+02	1.750000000e+02
1.212419200e+03	1.750000000e+02	1.750000000e+02	1.750000000e+02
1.210124800e+03	1.750000000e+02	1.750000000e+02	1.750000000e+02
1.207836800e+03	1.750000000e+02	1.750000000e+02	1.750000000e+02
1.205555200e+03	1.750000000e+02	1.750000000e+02	1.750000000e+02
1.203280000e+03	1.750000000e+02	1.750000000e+02	1.750000000e+02
1.201011200e+03	1.750000000e+02	1.750000000e+02	1.750000000e+02
1.198748800e+03	1.750000000e+02	1.750000000e+02	1.750000000e+02
1.196492800e+03	1.750000000e+02	1.750000000e+02	1.750000000e+02
1.194243200e+03	1.750000000e+02	1.750000000e+02	1.750000000e+02
1.192000000e+03	1.750000000e+02	1.750000000e+02	1.750000000e+02
1.189763200e+03	1.750000000e+02	1.750000000e+02	1.750000000e+02
1.187532800e+03	1.750000000e+02	1.750000000e+02	1.750000000e+02
1.185308800e+03	1.750000000e+02	1.750000000e+02	1.750000000e+02
1.183091200e+03	1.750000000e+02	1.750000000e+02	1.750000000e+02
1.180880000e+03	1.750000000e+02	1.750000000e+02	1.750000000e+02
1.178675200e+03	1.750000000e+02	1.750000000e+02	1.750000000e+02
1.176476800e+03	1.750000000e+02	1.750000000e+02	1.750000000e+02
1.174284800e+03	1.750000000e+02	1.750000000e+02	1.750000000e+02
1.172099200e+03	1.750000000e+02	1.750000000e+02	1.750000000e+02
1.169920000e+03	1.750000000e+02	1.750000000e+02	1.750000000e+02
1.167747200e+03	1.750000000e+02	1.750000000e+02	1.750000000e+02
1.165580800e+03	1.750000000e+02	1.750000000e+02	1.750000000e+02
1.163420800e+03	1.750000000e+02	1.750000000e+02	1.750000000e+02
1.161267200e+03	1.750000000e+02	1.750000000e+02	1.750000000e+02
1.159120000e+03	1.750000000e+02	1.750000000e+02	1.750000000e+02
1.156979200e+03	1.750000000e+02	1.750000000e+02	1.750000000e+02
1.154844800e+03	1.750000000e+02	1.750000000e+02	1.750000000e+02
1.152716800e+03	1.750000000e+02	1.750000000e+02	1.750000000e+02
1.150595200e+03	1.750000000e+02	1.750000000e+02	1.750000000e+02
1.148480000e+03	1.750000000e+02	1.750000000e+02	1.750000000e+02
1.146371200e+03	1.750000000e+02	1.750000000e+02	1.750000000e+02
1.144268800e+03	1.750000000e+02	1.750000000e+02	1.750000000e+02
1.142172800e+03	1.750000000e+02	1.750000000e+02	1.750000000e+02
1.140083200e+03	1.750000000e+02	1.750000000e+02	1.750000000e+02
1.138000000e+03	1.750000000e+02	1.750000000e+02	1.750000000e+02
1.135923200e+03	1.750000000e+02	1.750000000e+02	1.750000000e+02
1.133852800e+03	1.750000000e+02	1.750000000e+02	1.750000000e+02
1.131788800e+03	1.750000000e+02	1.750000000e+02	1.750000000e+02
1.129731200e+03	1.750000000e+02	1.750000000e+02	1.750000000e+02
1.127680000e+03	1.750000000e+02	1.750000000e+02	1.750000000e+02
1.125635200e+03	1.750000000e+02	1.750000000e+02	1.750000000e+02
1.123596800e+03	1.750000000e+02	1.750000000e+02	1.750000000e+02
1.121564800e+03	1.750000000e+02	1.750000000e+02	1.750000000e+02
1.119539200e+03	1.750000000e+02	1.750000000e+02	1.750000000e+02
1.117520000e+03	1.750000000e+02	1.750000000e+02	1.750000000e+02
1.115507200e+03	1.750000000e+02	1.750000000e+02	1.750000000e+02
1.113500800e+03	1.750000000e+02	1.750000000e+02	1.750000000e+02
1.111500800e+03	1.750000000e+02	1.750000000e+02	1.750000000e+02
1.109507200e+03	1.750000000e+02	1.750000000e+02	1.750000000e+02
1.107520000e+03	1.750000000e+02	1.750000000e+02	1.750000000e+02
1.105539200e+03	1.750000000e+02	1.750000000e+02	1.750000000e+02
1.103564800e+03	1.750000000e+02	1.750000000e+02	1.750000000e+02
1.101596800e+03	1.750000000e+02	1.750000000e+02	1.750000000e+02
1.099635200e+03	1.750000000e+02	1.750000000e+02	1.750000000e+02
1.097680000e+03	1.750000000e+02	1.750000000e+02	1.750000000e+02
1.095731200e+03	1.750000000e+02	1.750000000e+02	1.750000000e+02
1.093788800e+03	1.750000000e+02	1.750000000e+02	1.750000000e+02
1.091852800e+03	1.750000000e+02	1.750000000e+02	1.750000000e+02
1.089923200e+03	1.750000000e+02	1.750000000e+02	1.750000000e+02
1.088000000e+03	1.750000000e+02	1.750000000e+02	1.750000000e+02
1.086083200e+03	1.750000000e+02	1.750000000e+02	1.750000000e+02
1.084172800e+03	1.750000000e+02	1.750000000e+02	1.750000000e+02
1.082268800e+03	1.750000000e+02	1.750000000e+02	1.750000000e+02
1.080371200e+03	1.750000000e+02	1.750000000e+02	1.750000000e+02
1.078480000e+03	1.750000000e+02	1.750000000e+02	1.750000000e+02
1.076595200e+03	1.750000000e+02	1.750000000e+02	1.750000000e+02
1.074716800e+03	1.750000000e+02	1.750000000e+02	1.750000000e+02
1.072844800e+03	1.750000000e+02	1.750000000e+02	1.750000000e+02
1.070979200e+03	1.750000000e+02	1.750000000e+02	1.750000000e+02
1.069120000e+03	1.750000000e+02	1.750000000e+02	1.750000000e+02
1.067267200e+03	1.750000000e+02	1.750000000e+02	1.750000000e+02
1.065420800e+03	1.750000000e+02	1.750000000e+02	1.750000000e+02
1.063580800e+03	1.750000000e+02	1.750000000e+02	1.750000000e+02
1.061747200e+03	1.750000000e+02	1.750000000e+02	1.750000000e+02
1.059920000e+03	1.750000000e+02	1.750000000e+02	1.750000000e+02
1.058099200e+03	1.750000000e+02	1.750000000e+02	1.750000000e+02
1.056284800e+03	1.750000000e+02	1.750000000e+02	1.750000000e+02
1.054476800e+03	1.750000000e+02	1.750000000e+02	1.750000000e+02
1.052675200e+03	1.750000000e+02	1.750000000e+02	1.750000000e+02
1.050880000e+03	1.750000000e+02	1.750000000e+02	1.750000000e+02
1.049091200e+03	1.750000000e+02	1.750000000e+02	1.750000000e+02
1.047308800e+03	1.750000000e+02	1.750000000e+02	1.750000000e+02
1.045532800e+03	1.750000000e+02	1.750000000e+02	1.750000000e+02
1.043763200e+03	1.750000000e+02	1.750000000e+02	1.750000000e+02
1.042000000e+03	1.750000000e+02	1.750000000e+02	1.750000000e+02
1.040243200e+03	1.750000000e+02	1.750000000e+02	1.750000000e+02
1.038492800e+03	1.750000000e+02	1.750000000e+02	1.750000000e+02
1.036748800e+03	1.750000000e+02	1.750000000e+02	1.750000000e+02
1.035011200e+03	1.750000000e+02	1.750000000e+02	1.750000000e+02
1.033280000e+03	1.750000000e+02	1.750000000e+02	1.750000000e+02
1.031555200e+03	1.750000000e+02	1.750000000e+02	1.750000000e+02
1.029836800e+03	1.750000000e+02	1.750000000e+02	1.750000000e+02
1.028124800e+03	1.750000000e+02	1.750000000e+02	1.750000000e+02
1.026419200e+03	1.750000000e+02	1.750000000e+02	1.750000000e+02
1.024720000e+03	1.750000000e+02	1.750000000e+02	1.750000000e+02
1.023027200e+03	1.750000000e+02	1.750000000e+02	1.750000000e+02
1.021340800e+03	1.750000000e+02	1.750000000e+02	1.750000000e+02
1.019660800e+03	1.750000000e+02	1.750000000e+02	1.750000000e+02
1.017987200e+03	1.750000000e+02	1.750000000e+02	1.750000000e+02
1.016320000e+03	1.750000000e+02	1.750000000e+02	1.750000000e+02
1.014659200e+03	1.750000000e+02	1.750000000e+02	1.750000000e+02
1.013004800e+03	1.750000000e+02	1.750000000e+02	1.750000000e+02
1.011356800e+03	1.750000000e+02	1.750000000e+02	1.750000000e+02
1.009715200e+03	1.750000000e+02	1.750000000e+02	1.750000000e+02
1.008080000e+03	1.750000000e+02	1.750000000e+02	1.750000000e+02
1.006451200e+03	1.750000000e+02	1.750000000e+02	1.750000000e+02
1.004828800e+03	1.750000000e+02	1.750000000e+02	1.750000000e+02
1.003212800e+03	1.750000000e+02	1.750000000e+02	1.750000000e+02
1.001603200e+03	1.750000000e+02	1.750000000e+02	1.750000000e+02
1.000000000e+03	1.750000000e+02	1.750000000e+02	1.750000000e+02
9.984032000e+02	1.750000000e+02	1.750000000e+02	1.750000000e+02
9.968128000e+02	1.750000000e+02	1.750000000e+02	1.750000000e+02
9.952288000e+02	1.750000000e+02	1.750000000e+02	1.750000000e+02
9.936512000e+02	1.750000000e+02	1.750000000e+02	1.750000000e+02
9.920800000e+02	1.750000000e+02	1.750000000e+02	1.750000000e+02
9.905152000e+02	1.750000000e+02	1.750000000e+02	1.750000000e+02
9.889568000e+02	1.750000000e+02	1.750000000e+02	1.750000000e+02
9.874048000e+02	1.750000000e+02	1.750000000e+02	1.750000000e+02
9.858592000e+02	1.750000000e+02	1.750000000e+02	1.750000000e+02
9.843200000e+02	1.750000000e+02	1.750000000e+02	1.750000000e+02
9.827872000e+02	1.750000000e+02	1.750000000e+02	1.750000000e+02
9.812608000e+02	1.750000000e+02	1.750000000e+02	1.750000000e+02
9.797408000e+02	1.750000000e+02	1.750000000e+02	1.750000000e+02
9.782272000e+02	1.750000000e+02	1.750000000e+02	1.750000000e+02
9.767200000e+02	1.750000000e+02	1.750000000e+02	1.750000000e+02
9.752192000e+02	1.750000000e+02	1.750000000e+02	1.750000000e+02
9.737248000e+02	1.750000000e+02	1.750000000e+02	1.750000000e+02
9.722368000e+02	1.750000000e+02	1.750000000e+02	1.750000000e+02
9.707552000e+02	1.750000000e+02	1.750000000e+02	1.750000000e+02
9.692800000e+02	1.750000000e+02	1.750000000e+02	1.750000000e+02
9.678112000e+02	1.750000000e+02	1.750000000e+02	1.750000000e+02
9.663488000e+02	1.750000000e+02	1.750000000e+02	1.750000000e+02
9.648928000e+02	1.750000000e+02	1.750000000e+02	1.750000000e+02
9.634432000e+02	1.750000000e+02	1.750000000e+02	1.750000000e+02
9.620000000e+02	1.750000000e+02	1.750000000e+02	1.750000000e+02
9.605632000e+02	1.750000000e+02	1.750000000e+02	1.750000000e+02
9.591328000e+02	1.750000000e+02	1.750000000e+02	1.750000000e+02
9.577088000e+02	1.750000000e+02	1.750000000e+02	1.750000000e+02
9.562912000e+02	1.750000000e+02	1.750000000e+02	1.750000000e+02
9.548800000e+02	1.750000000e+02	1.750000000e+02	1.750000000e+02
9.534752000e+02	1.750000000e+02	1.750000000e+02	1.750000000e+02
9.520768000e+02	1.750000000e+02	1.750000000e+02	1.750000000e+02
9.506848000e+02	1.750000000e+02	1.750000000e+02	1.750000000e+02
9.492992000e+02	1.750000000e+02	1.750000000e+02	1.750000000e+02
9.479200000e+02	1.750000000e+02	1.750000000e+02	1.750000000e+02
9.465472000e+02	1.750000000e+02	1.750000000e+02	1.750000000e+02
9.451808000e+02	1.750000000e+02	1.750000000e+02	1.750000000e+02
9.438208000e+02	1.750000000e+02	1.750000000e+02	1.750000000e+02
9.424672000e+02	1.750000000e+02	1.750000000e+02	1.750000000e+02
9.411200000e+02	1.750000000e+02	1.750000000e+02	1.750000000e+02
9.397792000e+02	1.750000000e+02	1.750000000e+02	1.750000000e+02
9.384448000e+02	1.750000000e+02	1.750000000e+02	1.750000000e+02
9.371168000e+02	1.750000000e+02	1.750000000e+02	1.750000000e+02
9.357952000e+02	1.750000000e+02	1.750000000e+02	1.750000000e+02
9.344800000e+02	1.750000000e+02	1.750000000e+02	1.750000000e+02
9.331712000e+02	1.750000000e+02	1.750000000e+02	1.750000000e+02
9.318688000e+02	1.750000000e+02	1.750000000e+02	1.750000000e+02
9.305728000e+02	1.750000000e+02	1.750000000e+02	1.750000000e+02
9.292832000e+02	1.750000000e+02	1.750000000e+02	1.750000000e+02
9.280000000e+02	1.750000000e+02	1.750000000e+02	1.750000000e+02
9.267232000e+02	1.750000000e+02	1.750000000e+02	1.750000000e+02
9.254528000e+02	1.750000000e+02	1.750000000e+02	1.750000000e+02
9.241888000e+02	1.750000000e+02	1.750000000e+02	1.750000000e+02
9.229312000e+02	1.750000000e+02	1.750000000e+02	1.750000000e+02
9.216800000e+02	1.750000000e+02	1.750000000e+02	1.750000000e+02
9.204352000e+02	1.750000000e+02	1.750000000e+02	1.750000000e+02
9.191968000e+02	1.749839321e+02	1.749839321e+02	1.749839321e+02
9.179648000e+02	1.749592891e+02	1.749592891e+02	1.749592891e+02
9.167392000e+02	1.749347775e+02	1.749347775e+02	1.749347775e+02
9.155200000e+02	1.749103973e+02	1.749103973e+02	1.749103973e+02
9.143072000e+02	1.749000000e+02	1.749000000e+02	1.749000000e+02
9.131008000e+02	1.749000000e+02	1.749000000e+02	1.749000000e+02
9.119008000e+02	1.749000000e+02	1.749000000e+02	1.749000000e+02
9.107072000e+02	1.749000000e+02	1.749000000e+02	1.749000000e+02
9.095200000e+02	1.748903975e+02	1.748903975e+02	1.748903975e+02
9.083392000e+02	1.748667777e+02	1.748667777e+02	1.748667777e+02
9.071648000e+02	1.748432890e+02	1.748432890e+02	1.748432890e+02
9.059968000e+02	1.748199314e+02	1.748199314e+02	1.748199314e+02
9.048352000e+02	1.747934044e+02	1.747934044e+02	1.747934044e+02
9.036800000e+02	1.747471778e+02	1.747471778e+02	1.747471778e+02
9.025312000e+02	1.747012194e+02	1.747012194e+02	1.747012194e+02
9.013888000e+02	1.746555290e+02	1.746555290e+02	1.746555290e+02
9.002528000e+02	1.746101065e+02	1.746101065e+02	1.746101065e+02
8.991232000e+02	1.745824599e+02	1.745824599e+02	1.745824599e+02
8.980000000e+02	1.745599931e+02	1.745599931e+02	1.745599931e+02
8.968832000e+02	1.745376573e+02	1.745376573e+02	1.745376573e+02
8.957728000e+02	1.745154523e+02	1.745154523e+02	1.745154523e+02
8.946688000e+02	1.744867449e+02	1.744867449e+02	1.744867449e+02
8.935712000e+02	1.744428246e+02	1.744428246e+02	1.744428246e+02
8.924800000e+02	1.743991713e+02	1.743991713e+02	1.743991713e+02
8.913952000e+02	1.743557849e+02	1.743557849e+02	1.743557849e+02
8.903168000e+02	1.743126652e+02	1.743126652e+02	1.743126652e+02
8.892448000e+02	1.742697773e+02	1.742697773e+02	1.742697773e+02
8.881792000e+02	1.742271414e+02	1.742271414e+02	1.742271414e+02
8.871200000e+02	1.741847720e+02	1.741847720e+02	1.741847720e+02
8.860672000e+02	1.741426687e+02	1.741426687e+02	1.741426687e+02
8.850208000e+02	1.741008315e+02	1.741008315e+02	1.741008315e+02
8.839808000e+02	1.740592133e+02	1.740592133e+02	1.740592133e+02
8.829472000e+02	1.740178602e+02	1.740178602e+02	1.740178602e+02
8.819200000e+02	1.739767728e+02	1.739767728e+02	1.739767728e+02
8.808992000e+02	1.739359510e+02	1.739359510e+02	1.739359510e+02
8.798848000e+02	1.738930822e+02	1.738930822e+02	1.738930822e+02
8.788768000e+02	1.738325629e+02	1.738325629e+02	1.738325629e+02
8.778752000e+02	1.737724487e+02	1.737724487e+02	1.737724487e+02
8.768800000e+02	1.737127392e+02	1.737127392e+02	1.737127392e+02
8.758912000e+02	1.736534341e+02	1.736534341e+02	1.736534341e+02
8.749088000e+02	1.735945234e+02	1.735945234e+02	1.735945234e+02
8.739328000e+02	1.735359244e+02	1.735359244e+02	1.735359244e+02
8.729632000e+02	1.734777294e+02	1.734777294e+02	1.734777294e+02
8.720000000e+02	1.734199377e+02	1.734199377e+02	1.734199377e+02
8.710432000e+02	1.733625492e+02	1.733625492e+02	1.733625492e+02
8.700928000e+02	1.733055633e+02	1.733055633e+02	1.733055633e+02
8.691488000e+02	1.732488913e+02	1.732488913e+02	1.732488913e+02
8.682112000e+02	1.731926123e+02	1.731926123e+02	1.731926123e+02
8.672800000e+02	1.731367355e+02	1.731367355e+02	1.731367355e+02
8.663552000e+02	1.730812607e+02	1.730812607e+02	1.730812607e+02
8.654368000e+02	1.730261873e+02	1.730261873e+02	1.730261873e+02
8.645248000e+02	1.729619442e+02	1.729619442e+02	1.729619442e+02
8.636192000e+02	1.728894434e+02	1.728894434e+02	1.728894434e+02
8.627200000e+02	1.728174852e+02	1.728174852e+02	1.728174852e+02
8.618272000e+02	1.727460687e+02	1.727460687e+02	1.727460687e+02
8.609408000e+02	1.726751933e+02	1.726751933e+02	1.726751933e+02
8.600608000e+02	1.726048584e+02	1.726048584e+02	1.726048584e+02
8.591872000e+02	1.725511965e+02	1.725511965e+02	1.725511965e+02
8.583200000e+02	1.724991418e+02	1.724991418e+02	1.724991418e+02
8.574592000e+02	1.724474868e+02	1.724474868e+02	1.724474868e+02
8.566048000e+02	1.723962311e+02	1.723962311e+02	1.723962311e+02
8.557568000e+02	1.723453745e+02	1.723453745e+02	1.723453745e+02
8.549152000e+02	1.722932082e+02	1.722932082e+02	1.722932082e+02
8.540800000e+02	1.722263302e+02	1.722263302e+02	1.722263302e+02
8.532512000e+02	1.721599903e+02	1.721599903e+02	1.721599903e+02
8.524288000e+02	1.720941879e+02	1.720941879e+02	1.720941879e+02
8.516128000e+02	1.720289224e+02	1.720289224e+02	1.720289224e+02
8.508032000e+02	1.719641933e+02	1.719641933e+02	1.719641933e+02
8.500000000e+02	1.719000000e+02	1.719000000e+02	1.719000000e+02
8.492032000e+02	1.718361936e+02	1.718361936e+02	1.718361936e+02
8.484128000e+02	1.717729230e+02	1.717729230e+02	1.717729230e+02
8.476288000e+02	1.717101878e+02	1.717101878e+02	1.717101878e+02
8.468512000e+02	1.716479874e+02	1.716479874e+02	1.716479874e+02
8.460800000e+02	1.715863211e+02	1.715863211e+02	1.715863211e+02
8.453152000e+02	1.715251885e+02	1.715251885e+02	1.715251885e+02
8.445568000e+02	1.714645063e+02	1.714645063e+02	1.714645063e+02
8.438048000e+02	1.714042990e+02	1.714042990e+02	1.714042990e+02
8.430592000e+02	1.713446251e+02	1.713446251e+02	1.713446251e+02
8.423200000e+02	1.712854839e+02	1.712854839e+02	1.712854839e+02
8.415872000e+02	1.712268748e+02	1.712268748e+02	1.712268748e+02
8.408608000e+02	1.711687975e+02	1.711687975e+02	1.711687975e+02
8.401408000e+02	1.711112512e+02	1.711112512e+02	1.711112512e+02
8.394272000e+02	1.710426458e+02	1.710426458e+02	1.710426458e+02
8.387200000e+02	1.709718606e+02	1.709718606e+02	1.709718606e+02
8.380192000e+02	1.709017450e+02	1.709017450e+02	1.709017450e+02
8.373248000e+02	1.708322980e+02	1.708322980e+02	1.708322980e+02
8.366368000e+02	1.707635189e+02	1.707635189e+02	1.707635189e+02
8.359552000e+02	1.706954070e+02	1.706954070e+02	1.706954070e+02
8.352800000e+02	1.706279613e+02	1.706279613e+02	1.706279613e+02
8.346112000e+02	1.705610674e+02	1.705610674e+02	1.705610674e+02
8.339488000e+02	1.704947581e+02	1.704947581e+02	1.704947581e+02
8.332928000e+02	1.704291150e+02	1.704291150e+02	1.704291150e+02
8.326432000e+02	1.703641372e+02	1.703641372e+02	1.703641372e+02
8.320000000e+02	1.702998239e+02	1.702998239e+02	1.702998239e+02
8.313632000e+02	1.702361745e+02	1.702361745e+02	1.702361745e+02
8.307328000e+02	1.701731882e+02	1.701731882e+02	1.701731882e+02
8.301088000e+02	1.701108644e+02	1.701108644e+02	1.701108644e+02
8.294912000e+02	1.700490527e+02	1.700490527e+02	1.700490527e+02
8.288800000e+02	1.699878720e+02	1.699878720e+02	1.699878720e+02
8.282752000e+02	1.699273537e+02	1.699273537e+02	1.699273537e+02
8.276768000e+02	1.698674969e+02	1.698674969e+02	1.698674969e+02
8.270848000e+02	1.698083011e+02	1.698083011e+02	1.698083011e+02
8.264992000e+02	1.697497655e+02	1.697497655e+02	1.697497655e+02
8.259200000e+02	1.696918895e+02	1.696918895e+02	1.696918895e+02
8.253472000e+02	1.696346725e+02	1.696346725e+02	1.696346725e+02
8.247808000e+02	1.695780490e+02	1.695780490e+02	1.695780490e+02
8.242208000e+02	1.695219829e+02	1.695219829e+02	1.695219829e+02
8.236672000e+02	1.694665757e+02	1.694665757e+02	1.694665757e+02
8.231200000e+02	1.694118268e+02	1.694118268e+02	1.694118268e+02
8.225792000e+02	1.693577357e+02	1.693577357e+02	1.693577357e+02
8.220448000e+02	1.693043016e+02	1.693043016e+02	1.693043016e+02
8.215168000e+02	1.692515240e+02	1.692515240e+02	1.692515240e+02
8.209952000e+02	1.691994024e+02	1.691994024e+02	1.691994024e+02
8.204800000e+02	1.691479360e+02	1.691479360e+02	1.691479360e+02
8.199712000e+02	1.690971158e+02	1.690971158e+02	1.690971158e+02
8.194688000e+02	1.690468097e+02	1.690468097e+02	1.690468097e+02
8.189728000e+02	1.689971591e+02	1.689971591e+02	1.689971591e+02
8.184832000e+02	1.689481635e+02	1.689481635e+02	1.689481635e+02
8.180000000e+02	1.688998223e+02	1.688998223e+02	1.688998223e+02
8.175232000e+02	1.688521349e+02	1.688521349e+02	1.688521349e+02
8.170528000e+02	1.688051009e+02	1.688051009e+02	1.688051009e+02
8.165888000e+02	1.687587195e+02	1.687587195e+02	1.687587195e+02
8.161312000e+02	1.687129904e+02	1.687129904e+02	1.687129904e+02
8.156800000e+02	1.686679130e+02	1.686679130e+02	1.686679130e+02
8.152352000e+02	1.686234868e+02	1.686234868e+02	1.686234868e+02
8.147968000e+02	1.685755743e+02	1.685755743e+02	1.685755743e+02
8.143648000e+02	1.685236573e+02	1.685236573e+02	1.685236573e+02
8.139392000e+02	1.684725252e+02	1.684725252e+02	1.684725252e+02
8.135200000e+02	1.684221771e+02	1.684221771e+02	1.684221771e+02
8.131072000e+02	1.683726124e+02	1.683726124e+02	1.683726124e+02
8.127008000e+02	1.683238303e+02	1.683238303e+02	1.683238303e+02
8.123008000e+02	1.682758303e+02	1.682758303e+02	1.682758303e+02
8.119072000e+02	1.682286117e+02	1.682286117e+02	1.682286117e+02
8.115200000e+02	1.681821738e+02	1.681821738e+02	1.681821738e+02
8.111392000e+02	1.681365159e+02	1.681365159e+02	1.681365159e+02
8.107648000e+02	1.680916375e+02	1.680916375e+02	1.680916375e+02
8.103968000e+02	1.680475379e+02	1.680475379e+02	1.680475379e+02
8.100352000e+02	1.680042165e+02	1.680042165e+02	1.680042165e+02
8.096800000e+02	1.679615357e+02	1.679615357e+02	1.679615357e+02
8.093312000e+02	1.679196196e+02	1.679196196e+02	1.679196196e+02
8.089888000e+02	1.678784828e+02	1.678784828e+02	1.678784828e+02
8.086528000e+02	1.678381247e+02	1.678381247e+02	1.678381247e+02
8.083232000e+02	1.677985447e+02	1.677985447e+02	1.677985447e+02
8.080000000e+02	1.677597424e+02	1.677597424e+02	1.677597424e+02
8.076832000e+02	1.677217171e+02	1.677217171e+02	1.677217171e+02
8.073728000e+02	1.676844684e+02	1.676844684e+02	1.676844684e+02
8.070688000e+02	1.676479957e+02	1.676479957e+02	1.676479957e+02
8.067712000e+02	1.676122985e+02	1.676122985e+02	1.676122985e+02
8.064800000e+02	1.675773764e+02	1.675773764e+02	1.675773764e+02
8.061952000e+02	1.675432288e+02	1.675432288e+02	1.675432288e+02
8.059168000e+02	1.675098553e+02	1.675098553e+02	1.675098553e+02
8.056448000e+02	1.674772555e+02	1.674772555e+02	1.674772555e+02
8.053792000e+02	1.674454288e+02	1.674454288e+02	1.674454288e+02
8.051200000e+02	1.674143749e+02	1.674143749e+02	1.674143749e+02
8.048672000e+02	1.673840361e+02	1.673840361e+02	1.673840361e+02
8.046208000e+02	1.673544205e+02	1.673544205e+02	1.673544205e+02
8.043808000e+02	1.673255791e+02	1.673255791e+02	1.673255791e+02
8.041472000e+02	1.672975115e+02	1.672975115e+02	1.672975115e+02
8.039200000e+02	1.672702175e+02	1.672702175e+02	1.672702175e+02
8.036992000e+02	1.672436966e+02	1.672436966e+02	1.672436966e+02
8.034848000e+02	1.672179484e+02	1.672179484e+02	1.672179484e+02
8.032768000e+02	1.671929727e+02	1.671929727e+02	1.671929727e+02
8.030752000e+02	1.671687689e+02	1.671687689e+02	1.671687689e+02
8.028800000e+02	1.671453369e+02	1.671453369e+02	1.671453369e+02
8.026912000e+02	1.671226763e+02	1.671226763e+02	1.671226763e+02
8.025088000e+02	1.671007867e+02	1.671007867e+02	1.671007867e+02
8.023328000e+02	1.670796679e+02	1.670796679e+02	1.670796679e+02
8.021632000e+02	1.670593196e+02	1.670593196e+02	1.670593196e+02
8.020000000e+02	1.670397415e+02	1.670397415e+02	1.670397415e+02
8.018432000e+02	1.670209333e+02	1.670209333e+02	1.670209333e+02
8.016928000e+02	1.670028948e+02	1.670028948e+02	1.670028948e+02
8.015488000e+02	1.669856257e+02	1.669856257e+02	1.669856257e+02
8.014112000e+02	1.669691258e+02	1.669691258e+02	1.669691258e+02
8.012800000e+02	1.669533949e+02	1.669533949e+02	1.669533949e+02
8.011552000e+02	1.669384327e+02	1.669384327e+02	1.669384327e+02
8.010368000e+02	1.669242390e+02	1.669242390e+02	1.669242390e+02
8.009248000e+02	1.669108137e+02	1.669108137e+02	1.669108137e+02
8.008192000e+02	1.668981565e+02	1.668981565e+02	1.668981565e+02
8.007200000e+02	1.668862673e+02	1.668862673e+02	1.668862673e+02
8.006272000e+02	1.668751459e+02	1.668751459e+02	1.668751459e+02
8.005408000e+02	1.668647921e+02	1.668647921e+02	1.668647921e+02
8.004608000e+02	1.668552059e+02	1.668552059e+02	1.668552059e+02
8.003872000e+02	1.668463871e+02	1.668463871e+02	1.668463871e+02
8.003200000e+02	1.668383355e+02	1.668383355e+02	1.668383355e+02
8.002592000e+02	1.668310511e+02	1.668310511e+02	1.668310511e+02
8.002048000e+02	1.668245337e+02	1.668245337e+02	1.668245337e+02
8.001568000e+02	1.668187833e+02	1.668187833e+02	1.668187833e+02
8.001152000e+02	1.668137998e+02	1.668137998e+02	1.668137998e+02
8.000800000e+02	1.668095831e+02	1.668095831e+02	1.668095831e+02
8.000512000e+02	1.668061331e+02	1.668061331e+02	1.668061331e+02
8.000288000e+02	1.668034498e+02	1.668034498e+02	1.668034498e+02
8.000128000e+02	1.668015333e+02	1.668015333e+02	1.668015333e+02
8.000032000e+02	1.668003833e+02	1.668003833e+02	1.668003833e+02
8.000000000e+02	1.668000000e+02	1.668000000e+02	1.668000000e+02
#	AeroPlanets 1.01
#	Copyright G Gronoff 2009
#	Report bugs : guillaume.gronoff@gmail.com
#
#	Launched :Tue Dec 19 13:01:53 2017
# Planet:Anonymous
# Photoionization used
# Electron impact ionization used
# Electron impact ionization error: -0.13696% (>0 : gain)

