# Neutral atmosphere considered 
# Density in cm3
# Altitude in km
# N2
# CH4
1.600000000e+03	1.010990000e+07	5.462460000e+06	
1.596803200e+03	1.038903820e+07	5.548332460e+06	
1.593612800e+03	1.067530142e+07	5.635378893e+06	
1.590428800e+03	1.096885431e+07	5.723612240e+06	
1.587251200e+03	1.127253622e+07	5.813831320e+06	
1.584080000e+03	1.158441605e+07	5.905410736e+06	
1.580915200e+03	1.190426905e+07	5.998243510e+06	
1.577756800e+03	1.223464592e+07	6.093019410e+06	
1.574604800e+03	1.257448448e+07	6.189375806e+06	
1.571459200e+03	1.292304372e+07	6.287055703e+06	
1.568320000e+03	1.328248681e+07	6.386612583e+06	
1.565187200e+03	1.365291095e+07	6.488012675e+06	
1.562060800e+03	1.403287697e+07	6.590810596e+06	
1.558940800e+03	1.442395537e+07	6.695382209e+06	
1.555827200e+03	1.482778763e+07	6.802104225e+06	
1.552720000e+03	1.524206100e+07	6.910302724e+06	
1.549619200e+03	1.566755484e+07	7.020130868e+06	
1.546524800e+03	1.610793429e+07	7.132462857e+06	
1.543436800e+03	1.655974238e+07	7.246354393e+06	
1.540355200e+03	1.702324714e+07	7.361822841e+06	
1.537280000e+03	1.750301843e+07	7.479940213e+06	
1.534211200e+03	1.799584604e+07	7.599840609e+06	
1.531148800e+03	1.850147862e+07	7.721406877e+06	
1.528092800e+03	1.902353634e+07	7.845441455e+06	
1.525043200e+03	1.956123711e+07	7.971681252e+06	
1.522000000e+03	2.011295947e+07	8.099681010e+06	
1.518963200e+03	2.068102556e+07	8.229913251e+06	
1.515932800e+03	2.126783117e+07	8.362844239e+06	
1.512908800e+03	2.186999454e+07	8.497634789e+06	
1.509891200e+03	2.248810623e+07	8.634355940e+06	
1.506880000e+03	2.312857315e+07	8.774342452e+06	
1.503875200e+03	2.378586102e+07	8.916293744e+06	
1.500876800e+03	2.446036827e+07	9.060231821e+06	
1.497884800e+03	2.515756192e+07	9.207236681e+06	
1.494899200e+03	2.587522521e+07	9.356749298e+06	
1.491920000e+03	2.661175651e+07	9.508361463e+06	
1.488947200e+03	2.737035143e+07	9.662652973e+06	
1.485980800e+03	2.815401239e+07	9.820136769e+06	
1.483020800e+03	2.895834717e+07	9.979839164e+06	
1.480067200e+03	2.978384703e+07	1.014178501e+07	
1.477120000e+03	3.063956724e+07	1.030764132e+07	
1.474179200e+03	3.151813929e+07	1.047587984e+07	
1.471244800e+03	3.241990918e+07	1.064648918e+07	
1.468316800e+03	3.335090236e+07	1.082052499e+07	
1.465395200e+03	3.431066348e+07	1.099778787e+07	
1.462480000e+03	3.529585058e+07	1.117755680e+07	
1.459571200e+03	3.630861509e+07	1.136013358e+07	
1.456668800e+03	3.735729057e+07	1.154688658e+07	
1.453772800e+03	3.843384104e+07	1.173628768e+07	
1.450883200e+03	3.953893266e+07	1.192836660e+07	
1.448000000e+03	4.068138895e+07	1.212454007e+07	
1.445123200e+03	4.185790162e+07	1.232411471e+07	
1.442252800e+03	4.306570767e+07	1.252651945e+07	
1.439388800e+03	4.430829513e+07	1.273223925e+07	
1.436531200e+03	4.559420785e+07	1.294256102e+07	
1.433680000e+03	4.691443418e+07	1.315587431e+07	
1.430835200e+03	4.826979609e+07	1.337221265e+07	
1.427996800e+03	4.967130266e+07	1.359322036e+07	
1.425164800e+03	5.111455719e+07	1.381805112e+07	
1.422339200e+03	5.259634253e+07	1.404607984e+07	
1.419520000e+03	5.412027209e+07	1.427774245e+07	
1.416707200e+03	5.569821000e+07	1.451466514e+07	
1.413900800e+03	5.731840628e+07	1.475496676e+07	
1.411100800e+03	5.898187519e+07	1.499868510e+07	
1.408307200e+03	6.070041822e+07	1.524742301e+07	
1.405520000e+03	6.247211318e+07	1.550073405e+07	
1.402739200e+03	6.429127223e+07	1.575765725e+07	
1.399964800e+03	6.615928041e+07	1.601826677e+07	
1.397196800e+03	6.809678265e+07	1.628524531e+07	
1.394435200e+03	7.008634777e+07	1.655604085e+07	
1.391680000e+03	7.212922744e+07	1.683069598e+07	
1.388931200e+03	7.423519127e+07	1.711038367e+07	
1.386188800e+03	7.641123126e+07	1.739585341e+07	
1.383452800e+03	7.864575422e+07	1.768540299e+07	
1.380723200e+03	8.094016466e+07	1.797907779e+07	
1.378000000e+03	8.331395078e+07	1.827917999e+07	
1.375283200e+03	8.575823377e+07	1.858439611e+07	
1.372572800e+03	8.826821480e+07	1.889397150e+07	
1.369868800e+03	9.084678189e+07	1.920811341e+07	
1.367171200e+03	9.352072504e+07	1.952987847e+07	
1.364480000e+03	9.626674627e+07	1.985625097e+07	
1.361795200e+03	9.908657849e+07	2.018728195e+07	
1.359116800e+03	1.019918675e+08	2.052417169e+07	
1.356444800e+03	1.049957105e+08	2.086822699e+07	
1.353779200e+03	1.080805077e+08	2.121720497e+07	
1.351120000e+03	1.112482021e+08	2.157115992e+07	
1.348467200e+03	1.145207313e+08	2.193231066e+07	
1.345820800e+03	1.178962561e+08	2.230021870e+07	
1.343180800e+03	1.213627489e+08	2.267338609e+07	
1.340547200e+03	1.249223903e+08	2.305187057e+07	
1.337920000e+03	1.286073668e+08	2.343888905e+07	
1.335299200e+03	1.323997625e+08	2.383228153e+07	
1.332684800e+03	1.362943160e+08	2.423129169e+07	
1.330076800e+03	1.402934715e+08	2.463598088e+07	
1.327475200e+03	1.444419217e+08	2.505056339e+07	
1.324880000e+03	1.487036987e+08	2.547120508e+07	
1.322291200e+03	1.530802422e+08	2.589784650e+07	
1.319708800e+03	1.575796219e+08	2.633106313e+07	
1.317132800e+03	1.622426596e+08	2.677449815e+07	
1.314563200e+03	1.670315817e+08	2.722427134e+07	
1.312000000e+03	1.719494000e+08	2.768045154e+07	
1.309443200e+03	1.770107098e+08	2.814416014e+07	
1.306892800e+03	1.822502734e+08	2.861828028e+07	
1.304348800e+03	1.876311943e+08	2.909916759e+07	
1.301811200e+03	1.931568464e+08	2.958689514e+07	
1.299280000e+03	1.988298142e+08	3.009736038e+07	
1.296755200e+03	2.046522028e+08	3.065573473e+07	
1.294236800e+03	2.106322453e+08	3.122284273e+07	
1.291724800e+03	2.167772194e+08	3.179856204e+07	
1.289219200e+03	2.230963440e+08	3.238602518e+07	
1.286720000e+03	2.296082707e+08	3.298871416e+07	
1.284227200e+03	2.362963719e+08	3.360171108e+07	
1.281740800e+03	2.431693769e+08	3.422601575e+07	
1.279260800e+03	2.502203094e+08	3.486205550e+07	
1.276787200e+03	2.574482017e+08	3.551250505e+07	
1.274320000e+03	2.648820561e+08	3.617332660e+07	
1.271859200e+03	2.725554631e+08	3.684459235e+07	
1.269404800e+03	2.804260421e+08	3.752972700e+07	
1.266956800e+03	2.884887286e+08	3.823594343e+07	
1.264515200e+03	2.967714089e+08	3.895389929e+07	
1.262080000e+03	3.053113643e+08	3.968483154e+07	
1.259651200e+03	3.140695755e+08	4.042758794e+07	
1.257228800e+03	3.230300296e+08	4.118274347e+07	
1.254812800e+03	3.322278790e+08	4.195099492e+07	
1.252403200e+03	3.417409200e+08	4.274408394e+07	
1.250000000e+03	3.515000000e+08	4.355000000e+07	
1.247603200e+03	3.615075751e+08	4.437088550e+07	
1.245212800e+03	3.717722065e+08	4.520498996e+07	
1.242828800e+03	3.823086077e+08	4.605726763e+07	
1.240451200e+03	3.931150288e+08	4.692373793e+07	
1.238080000e+03	4.042120110e+08	4.781072508e+07	
1.235715200e+03	4.155947351e+08	4.871359613e+07	
1.233356800e+03	4.273147338e+08	4.963527256e+07	
1.231004800e+03	4.393538871e+08	5.057370280e+07	
1.228659200e+03	4.517105249e+08	5.152963628e+07	
1.226320000e+03	4.643891047e+08	5.250277377e+07	
1.223987200e+03	4.773966940e+08	5.349648155e+07	
1.221660800e+03	4.907438655e+08	5.451272344e+07	
1.219340800e+03	5.044436636e+08	5.554789045e+07	
1.217027200e+03	5.185323150e+08	5.660616732e+07	
1.214720000e+03	5.329747305e+08	5.768182387e+07	
1.212419200e+03	5.477842987e+08	5.877653751e+07	
1.210124800e+03	5.629624539e+08	5.988889509e+07	
1.207836800e+03	5.785586039e+08	6.103175643e+07	
1.205555200e+03	5.945438334e+08	6.219387970e+07	
1.203280000e+03	6.109452969e+08	6.337920694e+07	
1.201011200e+03	6.277582043e+08	6.458514768e+07	
1.198748800e+03	6.450382181e+08	6.581722991e+07	
1.196492800e+03	6.627875456e+08	6.707472942e+07	
1.194243200e+03	6.809666322e+08	6.835411591e+07	
1.192000000e+03	6.995779490e+08	6.965723035e+07	
1.189763200e+03	7.186520630e+08	7.098293076e+07	
1.187532800e+03	7.382709427e+08	7.234341471e+07	
1.185308800e+03	7.583667971e+08	7.372595776e+07	
1.183091200e+03	7.789951249e+08	7.513681088e+07	
1.180880000e+03	8.001301552e+08	7.657145707e+07	
1.178675200e+03	8.218093754e+08	7.803406706e+07	
1.176476800e+03	8.440339180e+08	7.952351575e+07	
1.174284800e+03	8.668103427e+08	8.104121207e+07	
1.172099200e+03	8.901706520e+08	8.259229299e+07	
1.169920000e+03	9.140911263e+08	8.416887470e+07	
1.167747200e+03	9.386295041e+08	8.578376754e+07	
1.165580800e+03	9.637514013e+08	8.742475024e+07	
1.163420800e+03	9.895872208e+08	8.909885359e+07	
1.161267200e+03	1.016080707e+09	9.080242151e+07	
1.159120000e+03	1.043154022e+09	9.253885826e+07	
1.156979200e+03	1.070794687e+09	9.431123143e+07	
1.154844800e+03	1.099108315e+09	9.611422528e+07	
1.152716800e+03	1.128428143e+09	9.797367811e+07	
1.150595200e+03	1.158438382e+09	9.986334928e+07	
1.148480000e+03	1.189016653e+09	1.017766639e+08	
1.146371200e+03	1.220251414e+09	1.037179201e+08	
1.144268800e+03	1.252250829e+09	1.056886285e+08	
1.142172800e+03	1.285070012e+09	1.076877267e+08	
1.140083200e+03	1.318645155e+09	1.097183599e+08	
1.138000000e+03	1.352979455e+09	1.118511723e+08	
1.135923200e+03	1.388097639e+09	1.140216725e+08	
1.133852800e+03	1.424158085e+09	1.162171628e+08	
1.131788800e+03	1.461157341e+09	1.184395679e+08	
1.129731200e+03	1.499010306e+09	1.206997721e+08	
1.127680000e+03	1.537801166e+09	1.230120333e+08	
1.125635200e+03	1.577470090e+09	1.253611683e+08	
1.123596800e+03	1.618256366e+09	1.277557840e+08	
1.121564800e+03	1.660067398e+09	1.301921699e+08	
1.119539200e+03	1.702763350e+09	1.326684075e+08	
1.117520000e+03	1.746214061e+09	1.351881176e+08	
1.115507200e+03	1.790630522e+09	1.377474687e+08	
1.113500800e+03	1.836311998e+09	1.403757863e+08	
1.111500800e+03	1.883105046e+09	1.430555564e+08	
1.109507200e+03	1.930972558e+09	1.457753617e+08	
1.107520000e+03	1.980014221e+09	1.485307815e+08	
1.105539200e+03	2.030137425e+09	1.513291572e+08	
1.103564800e+03	2.081322312e+09	1.542159893e+08	
1.101596800e+03	2.133610494e+09	1.571654535e+08	
1.099635200e+03	2.187128407e+09	1.601635655e+08	
1.097680000e+03	2.242221657e+09	1.632181684e+08	
1.095731200e+03	2.298515510e+09	1.663207424e+08	
1.093788800e+03	2.355940055e+09	1.694739043e+08	
1.091852800e+03	2.414546949e+09	1.726774420e+08	
1.089923200e+03	2.474411356e+09	1.759319433e+08	
1.088000000e+03	2.535568735e+09	1.792685068e+08	
1.086083200e+03	2.598026579e+09	1.826569284e+08	
1.084172800e+03	2.662023679e+09	1.861072096e+08	
1.082268800e+03	2.727665093e+09	1.896233423e+08	
1.080371200e+03	2.794696283e+09	1.931937505e+08	
1.078480000e+03	2.863287320e+09	1.968576180e+08	
1.076595200e+03	2.933357767e+09	2.005877941e+08	
1.074716800e+03	3.004879189e+09	2.043753292e+08	
1.072844800e+03	3.077793562e+09	2.082194202e+08	
1.070979200e+03	3.152218833e+09	2.121223006e+08	
1.069120000e+03	3.228330405e+09	2.160962728e+08	
1.067267200e+03	3.306179911e+09	2.201438493e+08	
1.065420800e+03	3.385628041e+09	2.242528634e+08	
1.063580800e+03	3.466949276e+09	2.284609205e+08	
1.061747200e+03	3.550006149e+09	2.327440262e+08	
1.059920000e+03	3.634765379e+09	2.370934609e+08	
1.058099200e+03	3.721529191e+09	2.415396033e+08	
1.056284800e+03	3.810048169e+09	2.460530540e+08	
1.054476800e+03	3.900422027e+09	2.506395687e+08	
1.052675200e+03	3.992790614e+09	2.553075809e+08	
1.050880000e+03	4.087006813e+09	2.600454848e+08	
1.049091200e+03	4.183193215e+09	2.648734050e+08	
1.047308800e+03	4.281380659e+09	2.697923220e+08	
1.045532800e+03	4.381507728e+09	2.747844318e+08	
1.043763200e+03	4.483910312e+09	2.798655736e+08	
1.042000000e+03	4.588457841e+09	2.850284082e+08	
1.040243200e+03	4.695050210e+09	2.902672245e+08	
1.038492800e+03	4.803680065e+09	2.956169933e+08	
1.036748800e+03	4.914406222e+09	3.010508703e+08	
1.035011200e+03	5.027264211e+09	3.065641378e+08	
1.033280000e+03	5.143117552e+09	3.122119170e+08	
1.031555200e+03	5.261203112e+09	3.179426462e+08	
1.029836800e+03	5.381538553e+09	3.237598526e+08	
1.028124800e+03	5.504084647e+09	3.296915839e+08	
1.026419200e+03	5.628947485e+09	3.357092070e+08	
1.024720000e+03	5.756221035e+09	3.418210055e+08	
1.023027200e+03	5.886200202e+09	3.480591901e+08	
1.021340800e+03	6.018606262e+09	3.543869885e+08	
1.019660800e+03	6.153620611e+09	3.608099269e+08	
1.017987200e+03	6.291733536e+09	3.673432642e+08	
1.016320000e+03	6.432400288e+09	3.739692389e+08	
1.014659200e+03	6.575666936e+09	3.807021837e+08	
1.013004800e+03	6.721605644e+09	3.875830378e+08	
1.011356800e+03	6.870199857e+09	3.945609154e+08	
1.009715200e+03	7.021547098e+09	4.016434187e+08	
1.008080000e+03	7.175930820e+09	4.088576971e+08	
1.006451200e+03	7.333084758e+09	4.161725590e+08	
1.004828800e+03	7.493136432e+09	4.235902975e+08	
1.003212800e+03	7.656839370e+09	4.311232810e+08	
1.001603200e+03	7.823449086e+09	4.387595969e+08	
1.000000000e+03	7.993000000e+09	4.465000000e+08	
9.984032000e+02	8.165601907e+09	4.544287663e+08	
9.968128000e+02	8.341216726e+09	4.624657012e+08	
9.952288000e+02	8.519878859e+09	4.706115737e+08	
9.936512000e+02	8.702326581e+09	4.789361661e+08	
9.920800000e+02	8.888038761e+09	4.873852092e+08	
9.905152000e+02	9.076933376e+09	4.959479754e+08	
9.889568000e+02	9.269186336e+09	5.046361835e+08	
9.874048000e+02	9.464767452e+09	5.134454547e+08	
9.858592000e+02	9.663643226e+09	5.223712261e+08	
9.843200000e+02	9.866328694e+09	5.314479468e+08	
9.827872000e+02	1.007301308e+10	5.406868096e+08	
9.812608000e+02	1.028313699e+10	5.500466998e+08	
9.797408000e+02	1.049664510e+10	5.595350451e+08	
9.782272000e+02	1.071321266e+10	5.691790467e+08	
9.767200000e+02	1.093330431e+10	5.789474350e+08	
9.752192000e+02	1.115695405e+10	5.888409210e+08	
9.737248000e+02	1.138639087e+10	5.989380397e+08	
9.722368000e+02	1.161991640e+10	6.091774921e+08	
9.707552000e+02	1.185719594e+10	6.195468257e+08	
9.692800000e+02	1.209747997e+10	6.300703058e+08	
9.678112000e+02	1.234072354e+10	6.407507566e+08	
9.663488000e+02	1.258776605e+10	6.515645300e+08	
9.648928000e+02	1.283886293e+10	6.625190253e+08	
9.634432000e+02	1.309667674e+10	6.736942580e+08	
9.620000000e+02	1.335849501e+10	6.850074024e+08	
9.605632000e+02	1.362435136e+10	6.964590893e+08	
9.591328000e+02	1.389352599e+10	7.080773566e+08	
9.577088000e+02	1.416628210e+10	7.198541796e+08	
9.562912000e+02	1.444313085e+10	7.317726233e+08	
9.548800000e+02	1.472436085e+10	7.438424908e+08	
9.534752000e+02	1.501256564e+10	7.561559493e+08	
9.520768000e+02	1.530505990e+10	7.686157494e+08	
9.506848000e+02	1.560187504e+10	7.812224231e+08	
9.492992000e+02	1.590238139e+10	7.940044739e+08	
9.479200000e+02	1.620659280e+10	8.069628426e+08	
9.465472000e+02	1.651517148e+10	8.200710888e+08	
9.451808000e+02	1.682814580e+10	8.333296617e+08	
9.438208000e+02	1.714786036e+10	8.468117739e+08	
9.424672000e+02	1.747246186e+10	8.604583074e+08	
9.411200000e+02	1.780162947e+10	8.742586719e+08	
9.397792000e+02	1.813552307e+10	8.882261591e+08	
9.384448000e+02	1.847472341e+10	9.024148251e+08	
9.371168000e+02	1.881859541e+10	9.167604583e+08	
9.357952000e+02	1.916716433e+10	9.312633559e+08	
9.344800000e+02	1.952011518e+10	9.459715015e+08	
9.331712000e+02	1.987727425e+10	9.609124354e+08	
9.318688000e+02	2.023917370e+10	9.760145557e+08	
9.305728000e+02	2.060583508e+10	9.912780628e+08	
9.292832000e+02	2.097867093e+10	1.006746925e+09	
9.280000000e+02	2.135747884e+10	1.022413981e+09	
9.267232000e+02	2.174118620e+10	1.038244881e+09	
9.254528000e+02	2.212981194e+10	1.054239705e+09	
9.241888000e+02	2.252362964e+10	1.070438770e+09	
9.229312000e+02	2.292255278e+10	1.086825538e+09	
9.216800000e+02	2.332645717e+10	1.103377852e+09	
9.204352000e+02	2.373535779e+10	1.120095652e+09	
9.191968000e+02	2.415284337e+10	1.137114789e+09	
9.179648000e+02	2.457741849e+10	1.154376952e+09	
9.167392000e+02	2.500719322e+10	1.171809447e+09	
9.155200000e+02	2.544217999e+10	1.189412097e+09	
9.143072000e+02	2.588261877e+10	1.207253432e+09	
9.131008000e+02	2.632847117e+10	1.225318214e+09	
9.119008000e+02	2.677957730e+10	1.243555320e+09	
9.107072000e+02	2.723594473e+10	1.261964421e+09	
9.095200000e+02	2.769776873e+10	1.280651756e+09	
9.083392000e+02	2.816515220e+10	1.299671386e+09	
9.071648000e+02	2.863782501e+10	1.318868099e+09	
9.059968000e+02	2.911578946e+10	1.338241421e+09	
9.048352000e+02	2.960002087e+10	1.357813100e+09	
9.036800000e+02	3.009553001e+10	1.377696746e+09	
9.025312000e+02	3.059651978e+10	1.397758984e+09	
9.013888000e+02	3.110298851e+10	1.417999160e+09	
9.002528000e+02	3.161493295e+10	1.438416566e+09	
8.991232000e+02	3.213170353e+10	1.459057867e+09	
8.980000000e+02	3.265373348e+10	1.479889694e+09	
8.968832000e+02	3.318119749e+10	1.500897703e+09	
8.957728000e+02	3.371408569e+10	1.522080979e+09	
8.946688000e+02	3.425452087e+10	1.543555681e+09	
8.935712000e+02	3.480544149e+10	1.565481807e+09	
8.924800000e+02	3.536193266e+10	1.587588816e+09	
8.913952000e+02	3.592397908e+10	1.609875601e+09	
8.903168000e+02	3.649156365e+10	1.632340993e+09	
8.892448000e+02	3.706555503e+10	1.655016797e+09	
8.881792000e+02	3.764544310e+10	1.677883365e+09	
8.871200000e+02	3.823083882e+10	1.700925684e+09	
8.860672000e+02	3.882171782e+10	1.724142343e+09	
8.850208000e+02	3.941805384e+10	1.747531868e+09	
8.839808000e+02	4.002379981e+10	1.771431700e+09	
8.829472000e+02	4.063512269e+10	1.795515267e+09	
8.819200000e+02	4.125191080e+10	1.819774095e+09	
8.808992000e+02	4.187413042e+10	1.844206467e+09	
8.798848000e+02	4.250221211e+10	1.868832953e+09	
8.788768000e+02	4.313933359e+10	1.893805477e+09	
8.778752000e+02	4.378186945e+10	1.918949964e+09	
8.768800000e+02	4.442977801e+10	1.944264430e+09	
8.758912000e+02	4.508301549e+10	1.969746822e+09	
8.749088000e+02	4.574189311e+10	1.995418202e+09	
8.739328000e+02	4.640953201e+10	2.021481650e+09	
8.729632000e+02	4.708244170e+10	2.047711271e+09	
8.720000000e+02	4.776056984e+10	2.074104728e+09	
8.710432000e+02	4.844386177e+10	2.100659613e+09	
8.700928000e+02	4.913226061e+10	2.127373443e+09	
8.691488000e+02	4.983030922e+10	2.154498544e+09	
8.682112000e+02	5.053394729e+10	2.181810037e+09	
8.672800000e+02	5.124261641e+10	2.209277770e+09	
8.663552000e+02	5.195625052e+10	2.236898958e+09	
8.654368000e+02	5.267478123e+10	2.264670740e+09	
8.645248000e+02	5.340021636e+10	2.292654245e+09	
8.636192000e+02	5.413236941e+10	2.320842706e+09	
8.627200000e+02	5.486928007e+10	2.349174862e+09	
8.618272000e+02	5.561087029e+10	2.377647541e+09	
8.609408000e+02	5.635705965e+10	2.406257501e+09	
8.600608000e+02	5.710776527e+10	2.435001422e+09	
8.591872000e+02	5.787003298e+10	2.464321552e+09	
8.583200000e+02	5.863731568e+10	2.493809539e+09	
8.574592000e+02	5.940899630e+10	2.523428848e+09	
8.566048000e+02	6.018498171e+10	2.553175808e+09	
8.557568000e+02	6.096517630e+10	2.583046670e+09	
8.549152000e+02	6.174970474e+10	2.613049006e+09	
8.540800000e+02	6.254024596e+10	2.643269792e+09	
8.532512000e+02	6.333473382e+10	2.673604497e+09	
8.524288000e+02	6.413306257e+10	2.704049053e+09	
8.516128000e+02	6.493512404e+10	2.734599314e+09	
8.508032000e+02	6.574080755e+10	2.765251061e+09	
8.500000000e+02	6.655000000e+10	2.796000000e+09	
8.492032000e+02	6.737063141e+10	2.827254425e+09	
8.484128000e+02	6.819466874e+10	2.858602972e+09	
8.476288000e+02	6.902199041e+10	2.890041056e+09	
8.468512000e+02	6.985247241e+10	2.921564018e+09	
8.460800000e+02	7.068598830e+10	2.953167123e+09	
8.453152000e+02	7.152240919e+10	2.984845564e+09	
8.445568000e+02	7.236529851e+10	3.016794551e+09	
8.438048000e+02	7.321351855e+10	3.048954179e+09	
8.430592000e+02	7.406433511e+10	3.081178561e+09	
8.423200000e+02	7.491760863e+10	3.113462536e+09	
8.415872000e+02	7.577319718e+10	3.145800871e+09	
8.408608000e+02	7.663095656e+10	3.178188263e+09	
8.401408000e+02	7.749074023e+10	3.210619342e+09	
8.394272000e+02	7.835598692e+10	3.243304121e+09	
8.387200000e+02	7.922388847e+10	3.276077044e+09	
8.380192000e+02	8.009341851e+10	3.308880052e+09	
8.373248000e+02	8.096442059e+10	3.341707447e+09	
8.366368000e+02	8.183673615e+10	3.374553467e+09	
8.359552000e+02	8.271020448e+10	3.407412289e+09	
8.352800000e+02	8.358466282e+10	3.440278030e+09	
8.346112000e+02	8.446432689e+10	3.473329662e+09	
8.339488000e+02	8.534785533e+10	3.506511149e+09	
8.332928000e+02	8.623195549e+10	3.539684444e+09	
8.326432000e+02	8.711645459e+10	3.572843345e+09	
8.320000000e+02	8.800117797e+10	3.605981596e+09	
8.313632000e+02	8.888594911e+10	3.639092891e+09	
8.307328000e+02	8.977058969e+10	3.672170870e+09	
8.301088000e+02	9.065491966e+10	3.705209127e+09	
8.294912000e+02	9.154439161e+10	3.738570988e+09	
8.288800000e+02	9.243444190e+10	3.771961815e+09	
8.282752000e+02	9.332369016e+10	3.805296552e+09	
8.276768000e+02	9.421194764e+10	3.838568467e+09	
8.270848000e+02	9.509902407e+10	3.871770789e+09	
8.264992000e+02	9.598472774e+10	3.904896706e+09	
8.259200000e+02	9.686886557e+10	3.937939372e+09	
8.253472000e+02	9.775124316e+10	3.970891901e+09	
8.247808000e+02	9.863222875e+10	4.003823983e+09	
8.242208000e+02	9.951195618e+10	4.036773402e+09	
8.236672000e+02	1.003893419e+11	4.069612774e+09	
8.231200000e+02	1.012641863e+11	4.102335027e+09	
8.225792000e+02	1.021362889e+11	4.134933066e+09	
8.220448000e+02	1.030054485e+11	4.167399771e+09	
8.215168000e+02	1.038714628e+11	4.199728008e+09	
8.209952000e+02	1.047341288e+11	4.231910621e+09	
8.204800000e+02	1.055932429e+11	4.263940444e+09	
8.199712000e+02	1.064492439e+11	4.295826338e+09	
8.194688000e+02	1.073119521e+11	4.327811050e+09	
8.189728000e+02	1.081705288e+11	4.359621917e+09	
8.184832000e+02	1.090247638e+11	4.391251629e+09	
8.180000000e+02	1.098744463e+11	4.422692872e+09	
8.175232000e+02	1.107193656e+11	4.453938334e+09	
8.170528000e+02	1.115593106e+11	4.484980704e+09	
8.165888000e+02	1.123940700e+11	4.515812682e+09	
8.161312000e+02	1.132234330e+11	4.546426974e+09	
8.156800000e+02	1.140471883e+11	4.576816299e+09	
8.152352000e+02	1.148651254e+11	4.606973391e+09	
8.147968000e+02	1.156828824e+11	4.637072368e+09	
8.143648000e+02	1.165011147e+11	4.667132503e+09	
8.139392000e+02	1.173128842e+11	4.696937855e+09	
8.135200000e+02	1.181179759e+11	4.726481072e+09	
8.131072000e+02	1.189161751e+11	4.755754832e+09	
8.127008000e+02	1.197072682e+11	4.784751843e+09	
8.123008000e+02	1.204910420e+11	4.813464850e+09	
8.119072000e+02	1.212672844e+11	4.841886635e+09	
8.115200000e+02	1.220357844e+11	4.870010022e+09	
8.111392000e+02	1.227963318e+11	4.897827877e+09	
8.107648000e+02	1.235487178e+11	4.925333115e+09	
8.103968000e+02	1.242927347e+11	4.952518698e+09	
8.100352000e+02	1.250281763e+11	4.979377645e+09	
8.096800000e+02	1.257528835e+11	5.006148898e+09	
8.093312000e+02	1.264684082e+11	5.032604548e+09	
8.089888000e+02	1.271747638e+11	5.058710753e+09	
8.086528000e+02	1.278717516e+11	5.084460638e+09	
8.083232000e+02	1.285591748e+11	5.109847396e+09	
8.080000000e+02	1.292368383e+11	5.134864291e+09	
8.076832000e+02	1.299045494e+11	5.159504663e+09	
8.073728000e+02	1.305621172e+11	5.183761927e+09	
8.070688000e+02	1.312093531e+11	5.207629579e+09	
8.067712000e+02	1.318460708e+11	5.231101200e+09	
8.064800000e+02	1.324720864e+11	5.254170453e+09	
8.061952000e+02	1.330872184e+11	5.276831093e+09	
8.059168000e+02	1.336912879e+11	5.299076965e+09	
8.056448000e+02	1.342841187e+11	5.320902009e+09	
8.053792000e+02	1.348655371e+11	5.342300262e+09	
8.051200000e+02	1.354353726e+11	5.363265861e+09	
8.048672000e+02	1.359959552e+11	5.383899443e+09	
8.046208000e+02	1.365467879e+11	5.404181111e+09	
8.043808000e+02	1.370854580e+11	5.424009431e+09	
8.041472000e+02	1.376118044e+11	5.443378862e+09	
8.039200000e+02	1.381256688e+11	5.462283973e+09	
8.036992000e+02	1.386268967e+11	5.480719454e+09	
8.034848000e+02	1.391153366e+11	5.498680114e+09	
8.032768000e+02	1.395908410e+11	5.516160881e+09	
8.030752000e+02	1.400532654e+11	5.533156811e+09	
8.028800000e+02	1.405024693e+11	5.549663085e+09	
8.026912000e+02	1.409383159e+11	5.565675014e+09	
8.025088000e+02	1.413606720e+11	5.581188039e+09	
8.023328000e+02	1.417694084e+11	5.596197736e+09	
8.021632000e+02	1.421643998e+11	5.610699816e+09	
8.020000000e+02	1.425455248e+11	5.624690127e+09	
8.018432000e+02	1.429126661e+11	5.638164657e+09	
8.016928000e+02	1.432657106e+11	5.651119535e+09	
8.015488000e+02	1.436045491e+11	5.663551035e+09	
8.014112000e+02	1.439290768e+11	5.675455573e+09	
8.012800000e+02	1.442391933e+11	5.686829716e+09	
8.011552000e+02	1.445348021e+11	5.697670175e+09	
8.010368000e+02	1.448158116e+11	5.707973815e+09	
8.009248000e+02	1.450821342e+11	5.717737651e+09	
8.008192000e+02	1.453336869e+11	5.726958850e+09	
8.007200000e+02	1.455703913e+11	5.735634734e+09	
8.006272000e+02	1.457921734e+11	5.743762783e+09	
8.005408000e+02	1.459989640e+11	5.751340630e+09	
8.004608000e+02	1.461906983e+11	5.758366069e+09	
8.003872000e+02	1.463673162e+11	5.764837052e+09	
8.003200000e+02	1.465287623e+11	5.770751692e+09	
8.002592000e+02	1.466749861e+11	5.776108261e+09	
8.002048000e+02	1.468059416e+11	5.780905196e+09	
8.001568000e+02	1.469215876e+11	5.785141093e+09	
8.001152000e+02	1.470218879e+11	5.788814715e+09	
8.000800000e+02	1.471068109e+11	5.791924986e+09	
8.000512000e+02	1.471763297e+11	5.794470996e+09	
8.000288000e+02	1.472304227e+11	5.796452000e+09	
8.000128000e+02	1.472690727e+11	5.797867417e+09	
8.000032000e+02	1.472922676e+11	5.798716834e+09	
8.000000000e+02	1.473000000e+11	5.799000000e+09	
