# Species production 
# Productions in cm-3
# Altitude in km
# CH4+(X)    
# CH3+(X)    
# N2+(X)    
# N+(X)    
1.600000000e+03	5.065618810e-02	1.389203137e-02	7.799354115e-02	2.269766763e-03	
1.596803200e+03	5.144499195e-02	1.410829033e-02	8.013681802e-02	2.332305763e-03	
1.593612800e+03	5.224431363e-02	1.432742255e-02	8.233427931e-02	2.396434108e-03	
1.590428800e+03	5.305425986e-02	1.454945650e-02	8.458715110e-02	2.462188171e-03	
1.587251200e+03	5.388221976e-02	1.477641766e-02	8.691727908e-02	2.530204620e-03	
1.584080000e+03	5.472237977e-02	1.500671080e-02	8.930971761e-02	2.600049252e-03	
1.580915200e+03	5.557373336e-02	1.524005894e-02	9.176268148e-02	2.671670909e-03	
1.577756800e+03	5.644265439e-02	1.547820895e-02	9.429577508e-02	2.745641263e-03	
1.574604800e+03	5.732576446e-02	1.572023324e-02	9.690074723e-02	2.821721064e-03	
1.571459200e+03	5.822066573e-02	1.596547313e-02	9.957182497e-02	2.899743173e-03	
1.568320000e+03	5.913246531e-02	1.621532789e-02	1.023256094e-01	2.980192072e-03	
1.565187200e+03	6.006082941e-02	1.646970466e-02	1.051627747e-01	3.063088547e-03	
1.562060800e+03	6.100161468e-02	1.672746591e-02	1.080721605e-01	3.148108686e-03	
1.558940800e+03	6.195828000e-02	1.698955870e-02	1.110657857e-01	3.235603766e-03	
1.555827200e+03	6.293428821e-02	1.725693101e-02	1.141562040e-01	3.325940826e-03	
1.552720000e+03	6.392338047e-02	1.752786499e-02	1.173255198e-01	3.418599862e-03	
1.549619200e+03	6.492695197e-02	1.780274162e-02	1.205796452e-01	3.513754472e-03	
1.546524800e+03	6.595306249e-02	1.808376900e-02	1.239466883e-01	3.612225263e-03	
1.543436800e+03	6.699295271e-02	1.836854344e-02	1.273999400e-01	3.713235506e-03	
1.540355200e+03	6.804675944e-02	1.865710061e-02	1.309413619e-01	3.816843902e-03	
1.537280000e+03	6.912436379e-02	1.895214757e-02	1.346059906e-01	3.924073488e-03	
1.534211200e+03	7.021773254e-02	1.925147950e-02	1.383690103e-01	4.034202779e-03	
1.531148800e+03	7.132575606e-02	1.955478996e-02	1.422283687e-01	4.147173758e-03	
1.528092800e+03	7.245581687e-02	1.986410053e-02	1.462117647e-01	4.263796072e-03	
1.525043200e+03	7.360545106e-02	2.017873302e-02	1.503130398e-01	4.383892370e-03	
1.522000000e+03	7.477051523e-02	2.049754886e-02	1.545195889e-01	4.507097227e-03	
1.518963200e+03	7.595533917e-02	2.082173224e-02	1.588491028e-01	4.633928912e-03	
1.515932800e+03	7.716418873e-02	2.115244944e-02	1.633198135e-01	4.764921862e-03	
1.512908800e+03	7.838928264e-02	2.148756422e-02	1.679055745e-01	4.899315921e-03	
1.509891200e+03	7.963124174e-02	2.182724363e-02	1.726107499e-01	5.037240984e-03	
1.506880000e+03	8.090233520e-02	2.217484709e-02	1.774843218e-01	5.180129425e-03	
1.503875200e+03	8.219052611e-02	2.252707146e-02	1.824836052e-01	5.326738674e-03	
1.500876800e+03	8.349597887e-02	2.288395816e-02	1.876114582e-01	5.477155145e-03	
1.497884800e+03	8.482860255e-02	2.324821891e-02	1.929095902e-01	5.632599847e-03	
1.494899200e+03	8.618319691e-02	2.361842402e-02	1.983607530e-01	5.792572922e-03	
1.491920000e+03	8.755595619e-02	2.399352610e-02	2.039524250e-01	5.956712356e-03	
1.488947200e+03	8.895217257e-02	2.437497084e-02	2.097088449e-01	6.125729843e-03	
1.485980800e+03	9.037651384e-02	2.476403212e-02	2.156527298e-01	6.300293262e-03	
1.483020800e+03	9.181996393e-02	2.515823411e-02	2.217501372e-01	6.479415453e-03	
1.480067200e+03	9.328270165e-02	2.555762065e-02	2.280045421e-01	6.663202221e-03	
1.477120000e+03	9.478000111e-02	2.596637063e-02	2.344849364e-01	6.853674685e-03	
1.474179200e+03	9.629774397e-02	2.638060963e-02	2.411345617e-01	7.049179346e-03	
1.471244800e+03	9.783576937e-02	2.680028758e-02	2.479557268e-01	7.249788718e-03	
1.468316800e+03	9.940371559e-02	2.722803810e-02	2.549941435e-01	7.456844855e-03	
1.465395200e+03	1.009996791e-01	2.766333236e-02	2.622459094e-01	7.670239888e-03	
1.462480000e+03	1.026169700e-01	2.810433069e-02	2.696850614e-01	7.889220654e-03	
1.459571200e+03	1.042582926e-01	2.855176643e-02	2.773276167e-01	8.114261933e-03	
1.456668800e+03	1.059361278e-01	2.900904904e-02	2.852367464e-01	8.347219142e-03	
1.453772800e+03	1.076363727e-01	2.947230770e-02	2.933505706e-01	8.586289142e-03	
1.450883200e+03	1.093592271e-01	2.994158872e-02	3.016736861e-01	8.831613655e-03	
1.448000000e+03	1.111175969e-01	3.042041623e-02	3.102728690e-01	9.085155605e-03	
1.445123200e+03	1.129050339e-01	3.090701440e-02	3.191222738e-01	9.346167248e-03	
1.442252800e+03	1.147162192e-01	3.139991709e-02	3.282002370e-01	9.614022913e-03	
1.439388800e+03	1.165555071e-01	3.190030579e-02	3.375327270e-01	9.889492290e-03	
1.436531200e+03	1.184345770e-01	3.241136522e-02	3.471841290e-01	1.017447210e-02	
1.433680000e+03	1.203385850e-01	3.292902054e-02	3.570850728e-01	1.046694040e-02	
1.430835200e+03	1.222677428e-01	3.345331804e-02	3.672411073e-01	1.076707016e-02	
1.427996800e+03	1.242369775e-01	3.398832866e-02	3.777351992e-01	1.107730544e-02	
1.425164800e+03	1.262384318e-01	3.453188812e-02	3.885330231e-01	1.139665264e-02	
1.422339200e+03	1.282662818e-01	3.508238921e-02	3.996092581e-01	1.172438167e-02	
1.419520000e+03	1.303243960e-01	3.564087564e-02	4.109904713e-01	1.206128489e-02	
1.416707200e+03	1.324274863e-01	3.621135427e-02	4.227657465e-01	1.240999138e-02	
1.413900800e+03	1.345582494e-01	3.678907608e-02	4.348448039e-01	1.276786697e-02	
1.411100800e+03	1.367169068e-01	3.737408533e-02	4.472343123e-01	1.313512235e-02	
1.408307200e+03	1.389179301e-01	3.797031996e-02	4.600226188e-01	1.351436876e-02	
1.405520000e+03	1.411570937e-01	3.857660459e-02	4.731938722e-01	1.390515915e-02	
1.402739200e+03	1.434254961e-01	3.919048665e-02	4.867037152e-01	1.430620853e-02	
1.399964800e+03	1.457236690e-01	3.981209184e-02	5.005613657e-01	1.471780613e-02	
1.397196800e+03	1.480758486e-01	4.044801876e-02	5.149215672e-01	1.514452288e-02	
1.394435200e+03	1.504586421e-01	4.109185257e-02	5.296508928e-01	1.558245795e-02	
1.391680000e+03	1.528722758e-01	4.174363255e-02	5.447573119e-01	1.603186723e-02	
1.388931200e+03	1.553272283e-01	4.240619543e-02	5.603129893e-01	1.649489783e-02	
1.386188800e+03	1.578301005e-01	4.308131546e-02	5.763688606e-01	1.697307572e-02	
1.383452800e+03	1.603652445e-01	4.376469291e-02	5.928355738e-01	1.746379707e-02	
1.380723200e+03	1.629328851e-01	4.445636212e-02	6.097218785e-01	1.796734596e-02	
1.378000000e+03	1.655536722e-01	4.516192689e-02	6.271725164e-01	1.848801726e-02	
1.375283200e+03	1.682154686e-01	4.587804213e-02	6.451183317e-01	1.902380569e-02	
1.372572800e+03	1.709112222e-01	4.660275216e-02	6.635209813e-01	1.957361267e-02	
1.369868800e+03	1.736425898e-01	4.733647628e-02	6.823998972e-01	2.013804398e-02	
1.367171200e+03	1.764369462e-01	4.808663921e-02	7.019536986e-01	2.072299841e-02	
1.364480000e+03	1.792667633e-01	4.884569723e-02	7.220046249e-01	2.132326952e-02	
1.361795200e+03	1.821322589e-01	4.961367255e-02	7.425630055e-01	2.193920035e-02	
1.359116800e+03	1.850439987e-01	5.039340319e-02	7.637132308e-01	2.257332533e-02	
1.356444800e+03	1.880134600e-01	5.118796888e-02	7.855500949e-01	2.322849308e-02	
1.353779200e+03	1.910201232e-01	5.199173583e-02	8.079384866e-01	2.390075733e-02	
1.351120000e+03	1.940641954e-01	5.280471607e-02	8.308896440e-01	2.459049717e-02	
1.348467200e+03	1.971653218e-01	5.363220579e-02	8.545637724e-01	2.530250568e-02	
1.345820800e+03	2.003191998e-01	5.447297885e-02	8.789430313e-01	2.603631313e-02	
1.343180800e+03	2.035120279e-01	5.532322797e-02	9.039336500e-01	2.678920005e-02	
1.340547200e+03	2.067439977e-01	5.618295241e-02	9.295478163e-01	2.756158493e-02	
1.337920000e+03	2.100435836e-01	5.705982998e-02	9.560204581e-01	2.836049823e-02	
1.335299200e+03	2.133910047e-01	5.794842001e-02	9.832132732e-01	2.918190984e-02	
1.332684800e+03	2.167791056e-01	5.884671694e-02	1.011082286e+00	3.002458376e-02	
1.330076800e+03	2.202080565e-01	5.975470431e-02	1.039640636e+00	3.088898052e-02	
1.327475200e+03	2.237150795e-01	6.068240936e-02	1.069213789e+00	3.178485096e-02	
1.324880000e+03	2.272654344e-01	6.162032812e-02	1.099529101e+00	3.270418051e-02	
1.322291200e+03	2.308581632e-01	6.256812886e-02	1.130591326e+00	3.364719339e-02	
1.319708800e+03	2.344979499e-01	6.352700563e-02	1.162453853e+00	3.461556565e-02	
1.317132800e+03	2.382167152e-01	6.450551816e-02	1.195410700e+00	3.561815280e-02	
1.314563200e+03	2.419793684e-01	6.549406996e-02	1.229175783e+00	3.664654015e-02	
1.312000000e+03	2.457860295e-01	6.649260866e-02	1.263764049e+00	3.770127434e-02	
1.309443200e+03	2.496461325e-01	6.750359589e-02	1.299275053e+00	3.878543329e-02	
1.306892800e+03	2.535846394e-01	6.853367664e-02	1.335955143e+00	3.990649449e-02	
1.304348800e+03	2.575686136e-01	6.957383934e-02	1.373524431e+00	4.105622958e-02	
1.301811200e+03	2.615981334e-01	7.062400486e-02	1.411998753e+00	4.223523555e-02	
1.299280000e+03	2.658129869e-01	7.172179071e-02	1.451387666e+00	4.344392890e-02	
1.296755200e+03	2.704340342e-01	7.292659628e-02	1.491696617e+00	4.468261312e-02	
1.294236800e+03	2.751140989e-01	7.414457999e-02	1.532975257e+00	4.595292150e-02	
1.291724800e+03	2.798513555e-01	7.537512163e-02	1.575265711e+00	4.725626794e-02	
1.289219200e+03	2.846725632e-01	7.662529104e-02	1.618623425e+00	4.859447683e-02	
1.286720000e+03	2.896073674e-01	7.790290945e-02	1.663171203e+00	4.997140988e-02	
1.284227200e+03	2.946115875e-01	7.919592587e-02	1.708775434e+00	5.138323646e-02	
1.281740800e+03	2.996930701e-01	8.050629252e-02	1.755486020e+00	5.283164107e-02	
1.279260800e+03	3.048545848e-01	8.183458838e-02	1.803238824e+00	5.431488497e-02	
1.276787200e+03	3.101184821e-01	8.318664000e-02	1.852012901e+00	5.583253120e-02	
1.274320000e+03	3.154484109e-01	8.455251183e-02	1.902001999e+00	5.739062717e-02	
1.271859200e+03	3.208439584e-01	8.593190700e-02	1.953430409e+00	5.899617538e-02	
1.269404800e+03	3.263338335e-01	8.733231943e-02	2.005976652e+00	6.063971302e-02	
1.266956800e+03	3.319794371e-01	8.876996495e-02	2.059587700e+00	6.231986980e-02	
1.264515200e+03	3.376982321e-01	9.022253784e-02	2.114444977e+00	6.404237957e-02	
1.262080000e+03	3.434996985e-01	9.169234998e-02	2.170794202e+00	6.581496009e-02	
1.259651200e+03	3.493725753e-01	9.317616683e-02	2.228336928e+00	6.762885372e-02	
1.257228800e+03	3.553205741e-01	9.467475734e-02	2.286939722e+00	6.948028333e-02	
1.254812800e+03	3.613483841e-01	9.618913821e-02	2.346830900e+00	7.137646767e-02	
1.252403200e+03	3.675555024e-01	9.774551137e-02	2.408535639e+00	7.333371641e-02	
1.250000000e+03	3.738367991e-01	9.931560065e-02	2.471540004e+00	7.533674939e-02	
1.247603200e+03	3.802091628e-01	1.009036257e-01	2.535836733e+00	7.738568186e-02	
1.245212800e+03	3.866560156e-01	1.025049064e-01	2.601460372e+00	7.948191761e-02	
1.242828800e+03	3.932180769e-01	1.041299438e-01	2.668486929e+00	8.162814822e-02	
1.240451200e+03	3.998595675e-01	1.057689459e-01	2.736875917e+00	8.382352248e-02	
1.238080000e+03	4.066325545e-01	1.074353622e-01	2.806740836e+00	8.607192042e-02	
1.235715200e+03	4.134956254e-01	1.091178975e-01	2.878017119e+00	8.837178762e-02	
1.233356800e+03	4.204716073e-01	1.108222213e-01	2.951028520e+00	9.073351806e-02	
1.231004800e+03	4.275410198e-01	1.125428201e-01	3.025613967e+00	9.315265156e-02	
1.228659200e+03	4.347081305e-01	1.142804430e-01	3.101725977e+00	9.562821706e-02	
1.226320000e+03	4.419682832e-01	1.160334801e-01	3.179358193e+00	9.816052169e-02	
1.223987200e+03	4.493475747e-01	1.178083800e-01	3.258520638e+00	1.007503964e-01	
1.221660800e+03	4.568600268e-01	1.196083790e-01	3.339245419e+00	1.033993783e-01	
1.219340800e+03	4.644728531e-01	1.214244382e-01	3.421579300e+00	1.061094856e-01	
1.217027200e+03	4.722184751e-01	1.232645678e-01	3.505723108e+00	1.088875558e-01	
1.214720000e+03	4.800464251e-01	1.251151102e-01	3.591392776e+00	1.117254012e-01	
1.212419200e+03	4.879681729e-01	1.269785978e-01	3.678632096e+00	1.146250100e-01	
1.210124800e+03	4.959694046e-01	1.288508316e-01	3.767402394e+00	1.175858273e-01	
1.207836800e+03	5.041537082e-01	1.307581980e-01	3.857982996e+00	1.206172633e-01	
1.205555200e+03	5.124249321e-01	1.326751683e-01	3.950126670e+00	1.237123225e-01	
1.203280000e+03	5.208126294e-01	1.346088581e-01	4.043959005e+00	1.268756737e-01	
1.201011200e+03	5.292924030e-01	1.365523929e-01	4.139390759e+00	1.301052885e-01	
1.198748800e+03	5.379063357e-01	1.385160388e-01	4.236728357e+00	1.334116108e-01	
1.196492800e+03	5.466449383e-01	1.404966989e-01	4.335920655e+00	1.367939125e-01	
1.194243200e+03	5.554759688e-01	1.424854503e-01	4.436643220e+00	1.402428358e-01	
1.192000000e+03	5.644110230e-01	1.444846520e-01	4.538847656e+00	1.437577058e-01	
1.189763200e+03	5.734373457e-01	1.464903971e-01	4.642665135e+00	1.473435658e-01	
1.187532800e+03	5.826495446e-01	1.485261365e-01	4.748551140e+00	1.510158575e-01	
1.185308800e+03	5.919408489e-01	1.505638697e-01	4.855991172e+00	1.547592640e-01	
1.183091200e+03	6.013576078e-01	1.526146786e-01	4.965263103e+00	1.585836645e-01	
1.180880000e+03	6.108595444e-01	1.546675824e-01	5.076120775e+00	1.624822790e-01	
1.178675200e+03	6.204758677e-01	1.567292286e-01	5.188718840e+00	1.664611511e-01	
1.176476800e+03	6.301932817e-01	1.587954591e-01	5.302976870e+00	1.705188520e-01	
1.174284800e+03	6.400185614e-01	1.608671757e-01	5.418846546e+00	1.746550003e-01	
1.172099200e+03	6.499875529e-01	1.629525275e-01	5.536434777e+00	1.788742598e-01	
1.169920000e+03	6.600333695e-01	1.650338616e-01	5.655497942e+00	1.831700120e-01	
1.167747200e+03	6.702515959e-01	1.671341935e-01	5.776294675e+00	1.875519140e-01	
1.165580800e+03	6.805414122e-01	1.692274138e-01	5.898510181e+00	1.920110836e-01	
1.163420800e+03	6.909525905e-01	1.713249867e-01	6.022834224e+00	1.965713785e-01	
1.161267200e+03	7.014513811e-01	1.734175476e-01	6.148806121e+00	2.012193057e-01	
1.159120000e+03	7.120588763e-01	1.755093713e-01	6.275843518e+00	2.059372325e-01	
1.156979200e+03	7.227931872e-01	1.776039528e-01	6.403765934e+00	2.107205591e-01	
1.154844800e+03	7.336079302e-01	1.796888890e-01	6.533094026e+00	2.155878110e-01	
1.152716800e+03	7.446936178e-01	1.818096175e-01	6.665668472e+00	2.206015509e-01	
1.150595200e+03	7.558431955e-01	1.839141930e-01	6.799468343e+00	2.256969381e-01	
1.148480000e+03	7.670017140e-01	1.859883298e-01	6.933654156e+00	2.308476029e-01	
1.146371200e+03	7.781967042e-01	1.880378606e-01	7.068626187e+00	2.360682632e-01	
1.144268800e+03	7.894340763e-01	1.900632535e-01	7.204879968e+00	2.413770790e-01	
1.142172800e+03	8.007002272e-01	1.920602154e-01	7.342586712e+00	2.467816059e-01	
1.140083200e+03	8.120128286e-01	1.940319711e-01	7.481232818e+00	2.522664293e-01	
1.138000000e+03	8.238859958e-01	1.960998985e-01	7.620690959e+00	2.578290389e-01	
1.135923200e+03	8.358331434e-01	1.981461728e-01	7.760951997e+00	2.634709336e-01	
1.133852800e+03	8.477547449e-01	2.001460723e-01	7.902741179e+00	2.692186869e-01	
1.131788800e+03	8.596591310e-01	2.021005577e-01	8.045861861e+00	2.750677926e-01	
1.129731200e+03	8.716191053e-01	2.040256865e-01	8.189672008e+00	2.809984051e-01	
1.127680000e+03	8.837299807e-01	2.059424770e-01	8.334460309e+00	2.870224748e-01	
1.125635200e+03	8.958744985e-01	2.078222173e-01	8.479725231e+00	2.931248393e-01	
1.123596800e+03	9.081066327e-01	2.096761556e-01	8.626566064e+00	2.993457262e-01	
1.121564800e+03	9.203917754e-01	2.114948952e-01	8.774280832e+00	3.056633081e-01	
1.119539200e+03	9.327087807e-01	2.132723447e-01	8.921940850e+00	3.120474310e-01	
1.117520000e+03	9.450758415e-01	2.150115586e-01	9.068698995e+00	3.184702417e-01	
1.115507200e+03	9.574587258e-01	2.167036183e-01	9.215487039e+00	3.249661813e-01	
1.113500800e+03	9.700522703e-01	2.183911739e-01	9.363636138e+00	3.315845922e-01	
1.111500800e+03	9.827245639e-01	2.200427207e-01	9.512130020e+00	3.382922454e-01	
1.109507200e+03	9.953885669e-01	2.216374354e-01	9.660568448e+00	3.450772761e-01	
1.107520000e+03	1.008006686e+00	2.231658525e-01	9.809235398e+00	3.519521768e-01	
1.105539200e+03	1.020621453e+00	2.246363520e-01	9.957452542e+00	3.588949880e-01	
1.103564800e+03	1.033529797e+00	2.261128462e-01	1.010491546e+01	3.658968741e-01	
1.101596800e+03	1.046545819e+00	2.275526942e-01	1.025161959e+01	3.729597524e-01	
1.099635200e+03	1.059566451e+00	2.289320601e-01	1.039795382e+01	3.800999855e-01	
1.097680000e+03	1.072634072e+00	2.302587266e-01	1.054530264e+01	3.873709888e-01	
1.095731200e+03	1.085682993e+00	2.315172242e-01	1.069163082e+01	3.947009794e-01	
1.093788800e+03	1.098721888e+00	2.327083999e-01	1.083639513e+01	4.020719107e-01	
1.091852800e+03	1.111740880e+00	2.338291922e-01	1.097962295e+01	4.094866136e-01	
1.089923200e+03	1.124735231e+00	2.348776585e-01	1.112143655e+01	4.169515520e-01	
1.088000000e+03	1.137893573e+00	2.358919899e-01	1.126176590e+01	4.244661074e-01	
1.086083200e+03	1.151012611e+00	2.368285940e-01	1.140041317e+01	4.320247870e-01	
1.084172800e+03	1.164146080e+00	2.376975451e-01	1.153817950e+01	4.396600939e-01	
1.082268800e+03	1.177308215e+00	2.385004947e-01	1.167523699e+01	4.473812678e-01	
1.080371200e+03	1.190416961e+00	2.392197488e-01	1.181022315e+01	4.551385211e-01	
1.078480000e+03	1.203702901e+00	2.399005630e-01	1.194360804e+01	4.629518937e-01	
1.076595200e+03	1.216986728e+00	2.405056761e-01	1.207479580e+01	4.708003286e-01	
1.074716800e+03	1.230204389e+00	2.410216775e-01	1.220342852e+01	4.786714747e-01	
1.072844800e+03	1.243342575e+00	2.414455418e-01	1.232904450e+01	4.865484765e-01	
1.070979200e+03	1.256406269e+00	2.417779088e-01	1.245189500e+01	4.944423261e-01	
1.069120000e+03	1.269458975e+00	2.420305119e-01	1.257242754e+01	5.023721954e-01	
1.067267200e+03	1.282504649e+00	2.422033810e-01	1.269057606e+01	5.103371283e-01	
1.065420800e+03	1.295462367e+00	2.422807464e-01	1.280555052e+01	5.183067201e-01	
1.063580800e+03	1.308538589e+00	2.423006953e-01	1.291813763e+01	5.263140050e-01	
1.061747200e+03	1.321582593e+00	2.422343435e-01	1.302755476e+01	5.343285175e-01	
1.059920000e+03	1.334535063e+00	2.420706471e-01	1.313344067e+01	5.423361766e-01	
1.058099200e+03	1.347556372e+00	2.418384452e-01	1.323663637e+01	5.503725450e-01	
1.056284800e+03	1.360470548e+00	2.415057055e-01	1.333599174e+01	5.583907314e-01	
1.054476800e+03	1.373300754e+00	2.410768685e-01	1.343162984e+01	5.663960148e-01	
1.052675200e+03	1.386083494e+00	2.405585329e-01	1.352379077e+01	5.743988057e-01	
1.050880000e+03	1.398746149e+00	2.399383994e-01	1.361173831e+01	5.823679269e-01	
1.049091200e+03	1.411387816e+00	2.392339917e-01	1.369566424e+01	5.903111519e-01	
1.047308800e+03	1.424002505e+00	2.384445005e-01	1.377544444e+01	5.982227325e-01	
1.045532800e+03	1.436486340e+00	2.375530914e-01	1.385066945e+01	6.060841043e-01	
1.043763200e+03	1.448913289e+00	2.365728481e-01	1.392218236e+01	6.139313645e-01	
1.042000000e+03	1.461235380e+00	2.354966351e-01	1.398933583e+01	6.217354717e-01	
1.040243200e+03	1.473415122e+00	2.343195983e-01	1.405162275e+01	6.294724885e-01	
1.038492800e+03	1.485620892e+00	2.330696952e-01	1.410884657e+01	6.371315604e-01	
1.036748800e+03	1.497706732e+00	2.317249123e-01	1.416101525e+01	6.447106772e-01	
1.035011200e+03	1.509641608e+00	2.302821010e-01	1.420807014e+01	6.522045816e-01	
1.033280000e+03	1.521686138e+00	2.287820717e-01	1.425222889e+01	6.597135429e-01	
1.031555200e+03	1.533575516e+00	2.271856088e-01	1.429111350e+01	6.671266004e-01	
1.029836800e+03	1.545319868e+00	2.254963281e-01	1.432462779e+01	6.744358692e-01	
1.028124800e+03	1.557044582e+00	2.237344841e-01	1.435253850e+01	6.816265450e-01	
1.026419200e+03	1.568604910e+00	2.218811051e-01	1.437500562e+01	6.887020282e-01	
1.024720000e+03	1.580032871e+00	2.199431699e-01	1.439214682e+01	6.956637343e-01	
1.023027200e+03	1.591467923e+00	2.179421060e-01	1.440455663e+01	7.025364641e-01	
1.021340800e+03	1.602731561e+00	2.158553790e-01	1.441140976e+01	7.092759029e-01	
1.019660800e+03	1.613842587e+00	2.136883377e-01	1.441303695e+01	7.158933120e-01	
1.017987200e+03	1.624861351e+00	2.114514830e-01	1.441043801e+01	7.224341238e-01	
1.016320000e+03	1.635701272e+00	2.091361268e-01	1.440221303e+01	7.288238733e-01	
1.014659200e+03	1.646418995e+00	2.067526408e-01	1.438839633e+01	7.350581461e-01	
1.013004800e+03	1.657181937e+00	2.043246453e-01	1.436908120e+01	7.411353722e-01	
1.011356800e+03	1.667761820e+00	2.018264306e-01	1.434417661e+01	7.470442217e-01	
1.009715200e+03	1.678185392e+00	1.992646977e-01	1.431384269e+01	7.527860279e-01	
1.008080000e+03	1.688558409e+00	1.966551061e-01	1.427859720e+01	7.583812767e-01	
1.006451200e+03	1.698743680e+00	1.939846982e-01	1.423785216e+01	7.637918593e-01	
1.004828800e+03	1.708745867e+00	1.912577483e-01	1.419183705e+01	7.690222403e-01	
1.003212800e+03	1.718608856e+00	1.884826202e-01	1.414190939e+01	7.741391695e-01	
1.001603200e+03	1.728278939e+00	1.856568786e-01	1.408660616e+01	7.790560702e-01	
1.000000000e+03	1.737755043e+00	1.827843703e-01	1.402600240e+01	7.837682796e-01	
9.984032000e+02	1.747356588e+00	1.799020054e-01	1.396030659e+01	7.882785444e-01	
9.968128000e+02	1.756762793e+00	1.769793890e-01	1.388947497e+01	7.925753262e-01	
9.952288000e+02	1.765972680e+00	1.740204749e-01	1.381360437e+01	7.966546195e-01	
9.936512000e+02	1.775240041e+00	1.710536365e-01	1.373389382e+01	8.005768804e-01	
9.920800000e+02	1.784351828e+00	1.680610527e-01	1.364949304e+01	8.042845128e-01	
9.905152000e+02	1.793263751e+00	1.650424209e-01	1.356032535e+01	8.077631392e-01	
9.889568000e+02	1.802013853e+00	1.620051946e-01	1.346671443e+01	8.110219155e-01	
9.874048000e+02	1.810581451e+00	1.589513050e-01	1.336867459e+01	8.140516636e-01	
9.858592000e+02	1.818946438e+00	1.558828944e-01	1.326623503e+01	8.168437145e-01	
9.843200000e+02	1.827223324e+00	1.528134046e-01	1.316016487e+01	8.194353622e-01	
9.827872000e+02	1.835441066e+00	1.497481947e-01	1.305073106e+01	8.218343515e-01	
9.812608000e+02	1.843452269e+00	1.466783996e-01	1.293725199e+01	8.239882197e-01	
9.797408000e+02	1.851278273e+00	1.436094936e-01	1.281976938e+01	8.258884689e-01	
9.782272000e+02	1.859003908e+00	1.405515948e-01	1.269802993e+01	8.275069483e-01	
9.767200000e+02	1.866521086e+00	1.374998284e-01	1.257274035e+01	8.288776836e-01	
9.752192000e+02	1.873828956e+00	1.344576486e-01	1.244406147e+01	8.300002356e-01	
9.737248000e+02	1.881169107e+00	1.314449868e-01	1.231449441e+01	8.310331753e-01	
9.722368000e+02	1.888336617e+00	1.284494624e-01	1.218212997e+01	8.318417205e-01	
9.707552000e+02	1.895288310e+00	1.254711827e-01	1.204671737e+01	8.323984142e-01	
9.692800000e+02	1.902094638e+00	1.225179555e-01	1.190766590e+01	8.326504375e-01	
9.678112000e+02	1.908758674e+00	1.195928617e-01	1.176516679e+01	8.325976776e-01	
9.663488000e+02	1.915205160e+00	1.166939055e-01	1.162022274e+01	8.322987048e-01	
9.648928000e+02	1.921452358e+00	1.138248323e-01	1.147320117e+01	8.317695459e-01	
9.634432000e+02	1.927723032e+00	1.110005254e-01	1.132648613e+01	8.311763026e-01	
9.620000000e+02	1.933768321e+00	1.082079487e-01	1.117767519e+01	8.303377332e-01	
9.605632000e+02	1.939586985e+00	1.054493825e-01	1.102694124e+01	8.292563324e-01	
9.591328000e+02	1.945253246e+00	1.027310448e-01	1.087387654e+01	8.278904974e-01	
9.577088000e+02	1.950739608e+00	1.000533789e-01	1.071890023e+01	8.262603890e-01	
9.562912000e+02	1.955995993e+00	9.741560526e-02	1.056257537e+01	8.243989641e-01	
9.548800000e+02	1.961045184e+00	9.482051179e-02	1.040524783e+01	8.223241973e-01	
9.534752000e+02	1.966120663e+00	9.228021732e-02	1.024877777e+01	8.201773482e-01	
9.520768000e+02	1.970957370e+00	8.978274602e-02	1.009131006e+01	8.178058106e-01	
9.506848000e+02	1.975553847e+00	8.732938200e-02	9.933007993e+00	8.152140100e-01	
9.492992000e+02	1.979978485e+00	8.492432798e-02	9.773633081e+00	8.123732508e-01	
9.479200000e+02	1.984228093e+00	8.256836385e-02	9.613388679e+00	8.092906281e-01	
9.465472000e+02	1.988233111e+00	8.025938792e-02	9.452837975e+00	8.060047686e-01	
9.451808000e+02	1.991992042e+00	7.799809740e-02	9.292130940e+00	8.025210620e-01	
9.438208000e+02	1.995673417e+00	7.579134449e-02	9.132625721e+00	7.989517843e-01	
9.424672000e+02	1.999128502e+00	7.363338590e-02	8.973343501e+00	7.952082022e-01	
9.411200000e+02	2.002329367e+00	7.152353693e-02	8.814230345e+00	7.912793877e-01	
9.397792000e+02	2.005303649e+00	6.946305593e-02	8.655486492e+00	7.871770840e-01	
9.384448000e+02	2.008167317e+00	6.745590150e-02	8.497486957e+00	7.829301480e-01	
9.371168000e+02	2.010770385e+00	6.549679863e-02	8.340029098e+00	7.785151601e-01	
9.357952000e+02	2.013111567e+00	6.358571097e-02	8.183239459e+00	7.739385577e-01	
9.344800000e+02	2.015291003e+00	6.172564042e-02	8.027102974e+00	7.691936553e-01	
9.331712000e+02	2.017359660e+00	5.991770137e-02	7.871680389e+00	7.642808400e-01	
9.318688000e+02	2.019160581e+00	5.815672526e-02	7.717305196e+00	7.592276217e-01	
9.305728000e+02	2.020692651e+00	5.644233703e-02	7.564084951e+00	7.540407475e-01	
9.292832000e+02	2.022042033e+00	5.477639124e-02	7.412604988e+00	7.487760612e-01	
9.280000000e+02	2.023188074e+00	5.315754611e-02	7.262816754e+00	7.434278643e-01	
9.267232000e+02	2.024059051e+00	5.158324268e-02	7.114408049e+00	7.379625210e-01	
9.254528000e+02	2.024654246e+00	5.005289566e-02	6.967470490e+00	7.323868648e-01	
9.241888000e+02	2.025048842e+00	4.856768369e-02	6.822166770e+00	7.267158522e-01	
9.229312000e+02	2.025207472e+00	4.712594839e-02	6.678537677e+00	7.209522293e-01	
9.216800000e+02	2.025086995e+00	4.572592506e-02	6.536615904e+00	7.150980452e-01	
9.204352000e+02	2.024687155e+00	4.436687325e-02	6.396474400e+00	7.091599947e-01	
9.191968000e+02	2.024238224e+00	4.305264744e-02	6.259041933e+00	7.032439246e-01	
9.179648000e+02	2.023628341e+00	4.177967496e-02	6.123897670e+00	6.973052715e-01	
9.167392000e+02	2.022730476e+00	4.054446770e-02	5.990609540e+00	6.912949160e-01	
9.155200000e+02	2.021544852e+00	3.934625941e-02	5.859237420e+00	6.852193371e-01	
9.143072000e+02	2.020194856e+00	3.818672519e-02	5.729924534e+00	6.790938436e-01	
9.131008000e+02	2.018647925e+00	3.706421977e-02	5.602691633e+00	6.729220489e-01	
9.119008000e+02	2.016811412e+00	3.597604075e-02	5.477515918e+00	6.667032180e-01	
9.107072000e+02	2.014686074e+00	3.492139253e-02	5.354439159e+00	6.604433654e-01	
9.095200000e+02	2.012433321e+00	3.390211080e-02	5.233508581e+00	6.541506925e-01	
9.083392000e+02	2.010125357e+00	3.291832848e-02	5.114758781e+00	6.478317391e-01	
9.071648000e+02	2.007523829e+00	3.196525028e-02	4.998200951e+00	6.414884111e-01	
9.059968000e+02	2.004629967e+00	3.104210222e-02	4.883859797e+00	6.351261447e-01	
9.048352000e+02	2.001475463e+00	3.014853185e-02	4.771901905e+00	6.287699393e-01	
9.036800000e+02	1.998212320e+00	2.928573122e-02	4.663042483e+00	6.225215741e-01	
9.025312000e+02	1.994654396e+00	2.845011657e-02	4.556357119e+00	6.162623067e-01	
9.013888000e+02	1.990803610e+00	2.764097856e-02	4.451859858e+00	6.099970878e-01	
9.002528000e+02	1.986662060e+00	2.685761455e-02	4.349560838e+00	6.037306950e-01	
8.991232000e+02	1.982308296e+00	2.610044241e-02	4.249420821e+00	5.974595074e-01	
8.980000000e+02	1.977689266e+00	2.536792449e-02	4.151480933e+00	5.911943944e-01	
8.968832000e+02	1.972785380e+00	2.465906182e-02	4.055754217e+00	5.849420691e-01	
8.957728000e+02	1.967599368e+00	2.397318958e-02	3.962235913e+00	5.787065775e-01	
8.946688000e+02	1.962277142e+00	2.331130646e-02	3.871141221e+00	5.725256484e-01	
8.935712000e+02	1.957005396e+00	2.267468850e-02	3.782721110e+00	5.664449477e-01	
8.924800000e+02	1.951447081e+00	2.205863229e-02	3.696410286e+00	5.603860678e-01	
8.913952000e+02	1.945605487e+00	2.146255615e-02	3.612196199e+00	5.543525465e-01	
8.903168000e+02	1.939484077e+00	2.088588813e-02	3.530063489e+00	5.483477505e-01	
8.892448000e+02	1.933124682e+00	2.032846175e-02	3.450075107e+00	5.423876878e-01	
8.881792000e+02	1.926507578e+00	1.978944834e-02	3.372155399e+00	5.364671731e-01	
8.871200000e+02	1.919620334e+00	1.926813240e-02	3.296246059e+00	5.305835298e-01	
8.860672000e+02	1.912467050e+00	1.876398757e-02	3.222322691e+00	5.247395001e-01	
8.850208000e+02	1.905051980e+00	1.827649784e-02	3.150358854e+00	5.189376699e-01	
8.839808000e+02	1.897739901e+00	1.780852935e-02	3.080626729e+00	5.132308331e-01	
8.829472000e+02	1.890171664e+00	1.735602212e-02	3.012775474e+00	5.075691753e-01	
8.819200000e+02	1.882344400e+00	1.691843734e-02	2.946768766e+00	5.019538717e-01	
8.808992000e+02	1.874262882e+00	1.649531771e-02	2.882575307e+00	4.963870246e-01	
8.798848000e+02	1.865952354e+00	1.608638437e-02	2.820189463e+00	4.908754990e-01	
8.788768000e+02	1.857553630e+00	1.569229325e-02	2.759753003e+00	4.854535212e-01	
8.778752000e+02	1.848909364e+00	1.531122069e-02	2.701008169e+00	4.800831180e-01	
8.768800000e+02	1.840024874e+00	1.494275769e-02	2.643920665e+00	4.747659694e-01	
8.758912000e+02	1.830905603e+00	1.458650419e-02	2.588455377e+00	4.695036366e-01	
8.749088000e+02	1.821578102e+00	1.424223248e-02	2.534595946e+00	4.643011443e-01	
8.739328000e+02	1.812229005e+00	1.391093363e-02	2.482469760e+00	4.591904085e-01	
8.729632000e+02	1.802654612e+00	1.359056842e-02	2.431840334e+00	4.541364689e-01	
8.720000000e+02	1.792860827e+00	1.328078207e-02	2.382671767e+00	4.491405378e-01	
8.710432000e+02	1.782853663e+00	1.298122839e-02	2.334927924e+00	4.442037298e-01	
8.700928000e+02	1.772639228e+00	1.269156974e-02	2.288572551e+00	4.393270663e-01	
8.691488000e+02	1.762430332e+00	1.241292500e-02	2.243772987e+00	4.345510932e-01	
8.682112000e+02	1.752041430e+00	1.214356870e-02	2.200295099e+00	4.298391798e-01	
8.672800000e+02	1.741455874e+00	1.188303189e-02	2.158080664e+00	4.251877086e-01	
8.663552000e+02	1.730680149e+00	1.163101958e-02	2.117095084e+00	4.205974597e-01	
8.654368000e+02	1.719720814e+00	1.138724487e-02	2.077304042e+00	4.160691376e-01	
8.645248000e+02	1.708623825e+00	1.115167909e-02	2.038741963e+00	4.116177210e-01	
8.636192000e+02	1.697390228e+00	1.092400030e-02	2.001362905e+00	4.072415987e-01	
8.627200000e+02	1.685989453e+00	1.070370172e-02	1.965068144e+00	4.029276388e-01	
8.618272000e+02	1.674428333e+00	1.049053227e-02	1.929825865e+00	3.986763370e-01	
8.609408000e+02	1.662713747e+00	1.028424855e-02	1.895604813e+00	3.944881267e-01	
8.600608000e+02	1.650852607e+00	1.008461481e-02	1.862374340e+00	3.903633815e-01	
8.591872000e+02	1.639159206e+00	9.893251933e-03	1.830340901e+00	3.863518055e-01	
8.583200000e+02	1.627344138e+00	9.708104992e-03	1.799239473e+00	3.824054322e-01	
8.574592000e+02	1.615390946e+00	9.528825132e-03	1.769024051e+00	3.785207643e-01	
8.566048000e+02	1.603306732e+00	9.355214200e-03	1.739667826e+00	3.746980694e-01	
8.557568000e+02	1.591098608e+00	9.187080725e-03	1.711144681e+00	3.709375638e-01	
8.549152000e+02	1.578779066e+00	9.024271239e-03	1.683433813e+00	3.672404888e-01	
8.540800000e+02	1.566396685e+00	8.866847605e-03	1.656545816e+00	3.636152562e-01	
8.532512000e+02	1.553909003e+00	8.714345337e-03	1.630413577e+00	3.600520105e-01	
8.524288000e+02	1.541323145e+00	8.566599965e-03	1.605014079e+00	3.565508068e-01	
8.516128000e+02	1.528646211e+00	8.423452996e-03	1.580325025e+00	3.531116562e-01	
8.508032000e+02	1.515885275e+00	8.284751768e-03	1.556324838e+00	3.497345271e-01	
8.500000000e+02	1.503047369e+00	8.150349299e-03	1.532992653e+00	3.464193470e-01	
8.492032000e+02	1.490354840e+00	8.021261379e-03	1.510486157e+00	3.432065283e-01	
8.484128000e+02	1.477589788e+00	7.896124542e-03	1.488596797e+00	3.400534682e-01	
8.476288000e+02	1.464759248e+00	7.774812317e-03	1.467306480e+00	3.369600650e-01	
8.468512000e+02	1.451870196e+00	7.657202981e-03	1.446597740e+00	3.339261778e-01	
8.460800000e+02	1.438929547e+00	7.543179409e-03	1.426453730e+00	3.309516279e-01	
8.453152000e+02	1.425944145e+00	7.432628916e-03	1.406858204e+00	3.280361999e-01	
8.445568000e+02	1.413013526e+00	7.325924012e-03	1.387865409e+00	3.251960658e-01	
8.438048000e+02	1.400112208e+00	7.222787326e-03	1.369434831e+00	3.224252536e-01	
8.430592000e+02	1.387179087e+00	7.122767500e-03	1.351500650e+00	3.197114766e-01	
8.423200000e+02	1.374220809e+00	7.025770620e-03	1.334049250e+00	3.170544395e-01	
8.415872000e+02	1.361243929e+00	6.931706265e-03	1.317067505e+00	3.144538139e-01	
8.408608000e+02	1.348254900e+00	6.840487356e-03	1.300542757e+00	3.119092387e-01	
8.401408000e+02	1.335260077e+00	6.752030013e-03	1.284462799e+00	3.094203219e-01	
8.394272000e+02	1.322342969e+00	6.666659290e-03	1.268866771e+00	3.069992836e-01	
8.387200000e+02	1.309447107e+00	6.583969166e-03	1.253701744e+00	3.046355315e-01	
8.380192000e+02	1.296559017e+00	6.503783246e-03	1.238943962e+00	3.023254222e-01	
8.373248000e+02	1.283684711e+00	6.426030447e-03	1.224583036e+00	3.000684816e-01	
8.366368000e+02	1.270830078e+00	6.350642139e-03	1.210608920e+00	2.978642088e-01	
8.359552000e+02	1.258000880e+00	6.277552020e-03	1.197011900e+00	2.957120769e-01	
8.352800000e+02	1.245202753e+00	6.206696008e-03	1.183782575e+00	2.936115345e-01	
8.346112000e+02	1.232506073e+00	6.138335365e-03	1.170971864e+00	2.915769855e-01	
8.339488000e+02	1.219893911e+00	6.072298709e-03	1.158550200e+00	2.896028669e-01	
8.332928000e+02	1.207323496e+00	6.008289497e-03	1.146464676e+00	2.876775556e-01	
8.326432000e+02	1.194800061e+00	5.946253055e-03	1.134707267e+00	2.858004595e-01	
8.320000000e+02	1.182328698e+00	5.886136338e-03	1.123270171e+00	2.839709664e-01	
8.313632000e+02	1.169914358e+00	5.827887854e-03	1.112145801e+00	2.821884445e-01	
8.307328000e+02	1.157561845e+00	5.771457582e-03	1.101326767e+00	2.804522441e-01	
8.301088000e+02	1.145275820e+00	5.716796905e-03	1.090805872e+00	2.787616987e-01	
8.294912000e+02	1.133171744e+00	5.664415286e-03	1.080641903e+00	2.771330353e-01	
8.288800000e+02	1.121160767e+00	5.613804927e-03	1.070772898e+00	2.755515805e-01	
8.282752000e+02	1.109222879e+00	5.564800888e-03	1.061177895e+00	2.740129654e-01	
8.276768000e+02	1.097362337e+00	5.517360852e-03	1.051850552e+00	2.725165024e-01	
8.270848000e+02	1.085583249e+00	5.471443536e-03	1.042784666e+00	2.710614918e-01	
8.264992000e+02	1.073889574e+00	5.427008648e-03	1.033974164e+00	2.696472235e-01	
8.259200000e+02	1.062285123e+00	5.384016844e-03	1.025413096e+00	2.682729773e-01	
8.253472000e+02	1.050773561e+00	5.342429692e-03	1.017095630e+00	2.669380250e-01	
8.247808000e+02	1.039378071e+00	5.302310707e-03	1.009021741e+00	2.656431332e-01	
8.242208000e+02	1.028111853e+00	5.263676151e-03	1.001188726e+00	2.643883481e-01	
8.236672000e+02	1.016946182e+00	5.226328382e-03	9.935818648e-01	2.631705037e-01	
8.231200000e+02	1.005884209e+00	5.190232629e-03	9.861957893e-01	2.619888554e-01	
8.225792000e+02	9.949289446e-01	5.155354862e-03	9.790252269e-01	2.608426562e-01	
8.220448000e+02	9.840832552e-01	5.121661774e-03	9.720649995e-01	2.597311567e-01	
8.215168000e+02	9.733498666e-01	5.089120762e-03	9.653100209e-01	2.586536069e-01	
8.209952000e+02	9.627313657e-01	5.057699902e-03	9.587552946e-01	2.576092569e-01	
8.204800000e+02	9.522302021e-01	5.027367941e-03	9.523959122e-01	2.565973579e-01	
8.199712000e+02	9.418521649e-01	4.998112725e-03	9.462327224e-01	2.556186973e-01	
8.194688000e+02	9.316523298e-01	4.970187028e-03	9.403478478e-01	2.546961064e-01	
8.189728000e+02	9.215731116e-01	4.943246393e-03	9.346403200e-01	2.538029108e-01	
8.184832000e+02	9.116165530e-01	4.917262883e-03	9.291057518e-01	2.529384087e-01	
8.180000000e+02	9.017845695e-01	4.892209118e-03	9.237398291e-01	2.521019023e-01	
8.175232000e+02	8.920789519e-01	4.868058268e-03	9.185383102e-01	2.512926980e-01	
8.170528000e+02	8.825013692e-01	4.844784048e-03	9.134970261e-01	2.505101077e-01	
8.165888000e+02	8.730533712e-01	4.822360706e-03	9.086118797e-01	2.497534492e-01	
8.161312000e+02	8.637363921e-01	4.800763025e-03	9.038788466e-01	2.490220470e-01	
8.156800000e+02	8.545517525e-01	4.779966312e-03	8.992939746e-01	2.483152329e-01	
8.152352000e+02	8.455006634e-01	4.759946394e-03	8.948533839e-01	2.476323465e-01	
8.147968000e+02	8.366136962e-01	4.740857624e-03	8.905967314e-01	2.469848683e-01	
8.143648000e+02	8.278939821e-01	4.722694946e-03	8.865246541e-01	2.463734791e-01	
8.139392000e+02	8.193073886e-01	4.705226663e-03	8.825824788e-01	2.457833553e-01	
8.135200000e+02	8.108548582e-01	4.688431264e-03	8.787667552e-01	2.452138994e-01	
8.131072000e+02	8.025372362e-01	4.672287701e-03	8.750740983e-01	2.446645227e-01	
8.127008000e+02	7.943552743e-01	4.656775385e-03	8.715011892e-01	2.441346461e-01	
8.123008000e+02	7.863096339e-01	4.641874187e-03	8.680447754e-01	2.436237001e-01	
8.119072000e+02	7.784008890e-01	4.627564430e-03	8.647016710e-01	2.431311251e-01	
8.115200000e+02	7.706295304e-01	4.613826892e-03	8.614687569e-01	2.426563724e-01	
8.111392000e+02	7.629959683e-01	4.600642801e-03	8.583429813e-01	2.421989034e-01	
8.107648000e+02	7.555005359e-01	4.587993832e-03	8.553213596e-01	2.417581909e-01	
8.103968000e+02	7.481434932e-01	4.575862102e-03	8.524009745e-01	2.413337186e-01	
8.100352000e+02	7.409250297e-01	4.564230172e-03	8.495789760e-01	2.409249815e-01	
8.096800000e+02	7.338810182e-01	4.553304735e-03	8.468394365e-01	2.405277518e-01	
8.093312000e+02	7.269778888e-01	4.542865037e-03	8.441917930e-01	2.401449828e-01	
8.089888000e+02	7.202116986e-01	4.532870383e-03	8.416348432e-01	2.397766156e-01	
8.086528000e+02	7.135824610e-01	4.523305114e-03	8.391659895e-01	2.394221886e-01	
8.083232000e+02	7.070901333e-01	4.514153988e-03	8.367827022e-01	2.390812524e-01	
8.080000000e+02	7.007346201e-01	4.505402176e-03	8.344825182e-01	2.387533696e-01	
8.076832000e+02	6.945157767e-01	4.497035263e-03	8.322630411e-01	2.384381146e-01	
8.073728000e+02	6.884334116e-01	4.489039235e-03	8.301219408e-01	2.381350738e-01	
8.070688000e+02	6.824872900e-01	4.481400480e-03	8.280569523e-01	2.378438457e-01	
8.067712000e+02	6.766771367e-01	4.474105783e-03	8.260658761e-01	2.375640405e-01	
8.064800000e+02	6.710026387e-01	4.467142317e-03	8.241465768e-01	2.372952801e-01	
8.061952000e+02	6.654634485e-01	4.460497643e-03	8.222969827e-01	2.370371982e-01	
8.059168000e+02	6.600591865e-01	4.454159699e-03	8.205150852e-01	2.367894400e-01	
8.056448000e+02	6.547894441e-01	4.448116800e-03	8.187989378e-01	2.365516623e-01	
8.053792000e+02	6.496537862e-01	4.442357630e-03	8.171466556e-01	2.363235330e-01	
8.051200000e+02	6.446517537e-01	4.436871237e-03	8.155564143e-01	2.361047314e-01	
8.048672000e+02	6.397954041e-01	4.431734339e-03	8.140413438e-01	2.358992667e-01	
8.046208000e+02	6.350820259e-01	4.426923420e-03	8.125974256e-01	2.357061850e-01	
8.043808000e+02	6.304996109e-01	4.422349337e-03	8.112094730e-01	2.355212774e-01	
8.041472000e+02	6.260476790e-01	4.418002645e-03	8.098759198e-01	2.353442709e-01	
8.039200000e+02	6.217257366e-01	4.413874224e-03	8.085952549e-01	2.351749027e-01	
8.036992000e+02	6.175332785e-01	4.409955279e-03	8.073660215e-01	2.350129200e-01	
8.034848000e+02	6.134697903e-01	4.406237333e-03	8.061868159e-01	2.348580796e-01	
8.032768000e+02	6.095347506e-01	4.402712225e-03	8.050562872e-01	2.347101481e-01	
8.030752000e+02	6.057276326e-01	4.399372098e-03	8.039731360e-01	2.345689013e-01	
8.028800000e+02	6.020479066e-01	4.396209399e-03	8.029361137e-01	2.344341243e-01	
8.026912000e+02	5.984950414e-01	4.393216875e-03	8.019440214e-01	2.343056115e-01	
8.025088000e+02	5.950685065e-01	4.390387563e-03	8.009957096e-01	2.341831657e-01	
8.023328000e+02	5.917677737e-01	4.387714788e-03	8.000900767e-01	2.340665989e-01	
8.021632000e+02	5.885923186e-01	4.385192159e-03	7.992260685e-01	2.339557310e-01	
8.020000000e+02	5.855416227e-01	4.382813561e-03	7.984026773e-01	2.338503909e-01	
8.018432000e+02	5.826151745e-01	4.380573153e-03	7.976189411e-01	2.337504150e-01	
8.016928000e+02	5.798124710e-01	4.378465364e-03	7.968739427e-01	2.336556482e-01	
8.015488000e+02	5.771330195e-01	4.376484884e-03	7.961668089e-01	2.335659428e-01	
8.014112000e+02	5.745763386e-01	4.374626665e-03	7.954967100e-01	2.334811589e-01	
8.012800000e+02	5.721419595e-01	4.372885914e-03	7.948628587e-01	2.334011640e-01	
8.011552000e+02	5.698294274e-01	4.371258089e-03	7.942645094e-01	2.333258331e-01	
8.010368000e+02	5.676383025e-01	4.369738895e-03	7.937009578e-01	2.332550481e-01	
8.009248000e+02	5.655681612e-01	4.368324283e-03	7.931715399e-01	2.331886980e-01	
8.008192000e+02	5.636185970e-01	4.367010441e-03	7.926756315e-01	2.331266786e-01	
8.007200000e+02	5.617892217e-01	4.365793795e-03	7.922126475e-01	2.330688925e-01	
8.006272000e+02	5.600796660e-01	4.364671006e-03	7.917820415e-01	2.330152488e-01	
8.005408000e+02	5.584895806e-01	4.363638963e-03	7.913833048e-01	2.329656631e-01	
8.004608000e+02	5.570186369e-01	4.362694783e-03	7.910159664e-01	2.329200575e-01	
8.003872000e+02	5.556665278e-01	4.361835808e-03	7.906795922e-01	2.328783600e-01	
8.003200000e+02	5.544329681e-01	4.361059602e-03	7.903737844e-01	2.328405050e-01	
8.002592000e+02	5.533176956e-01	4.360363949e-03	7.900981815e-01	2.328064329e-01	
8.002048000e+02	5.523204712e-01	4.359746850e-03	7.898524575e-01	2.327760899e-01	
8.001568000e+02	5.514410798e-01	4.359206523e-03	7.896363217e-01	2.327494282e-01	
8.001152000e+02	5.506793303e-01	4.358741398e-03	7.894495185e-01	2.327264059e-01	
8.000800000e+02	5.500350565e-01	4.358350118e-03	7.892918267e-01	2.327069865e-01	
8.000512000e+02	5.495081171e-01	4.358031538e-03	7.891630599e-01	2.326911395e-01	
8.000288000e+02	5.490983961e-01	4.357784723e-03	7.890630656e-01	2.326788399e-01	
8.000128000e+02	5.488058030e-01	4.357608944e-03	7.889917255e-01	2.326700683e-01	
8.000032000e+02	5.486302731e-01	4.357503685e-03	7.889489552e-01	2.326648109e-01	
8.000000000e+02	5.485717675e-01	4.357468633e-03	7.889347041e-01	2.326630593e-01	
#	AeroPlanets 1.01
#	Copyright G Gronoff 2009
#	Report bugs : guillaume.gronoff@gmail.com
#
#	Launched :Tue Dec 19 13:01:53 2017
# Planet:Anonymous
# Photoionization used
# Electron impact ionization used
# Electron impact ionization error: -0.13696% (>0 : gain)

