# Species production 
# Productions in cm-3
# Altitude in km
# CH4+(X)    
# CH3+(X)    
# N2+(X)    
# N+(X)    
1.600000000e+03	5.062449635e-03	3.460180383e-03	4.704606357e-03	3.160365383e-04	
1.596803200e+03	5.234709102e-03	3.577251084e-03	4.916279743e-03	3.287940328e-04	
1.593612800e+03	5.409315070e-03	3.695921998e-03	5.134389189e-03	3.419495378e-04	
1.590428800e+03	5.586347605e-03	3.816246038e-03	5.359135816e-03	3.555140968e-04	
1.587251200e+03	5.766680470e-03	3.938818145e-03	5.592063898e-03	3.695871723e-04	
1.584080000e+03	5.949807660e-03	4.063290570e-03	5.832404498e-03	3.841144259e-04	
1.580915200e+03	6.135709048e-03	4.189647585e-03	6.080197639e-03	3.990955007e-04	
1.577756800e+03	6.325195475e-03	4.318440739e-03	6.336924034e-03	4.146241720e-04	
1.574604800e+03	6.518017384e-03	4.449497410e-03	6.602246635e-03	4.306744224e-04	
1.571459200e+03	6.714012528e-03	4.582704653e-03	6.875965812e-03	4.472295798e-04	
1.568320000e+03	6.913887411e-03	4.718542517e-03	7.159433720e-03	4.643737332e-04	
1.565187200e+03	7.117744800e-03	4.857078775e-03	7.452943720e-03	4.821214758e-04	
1.562060800e+03	7.325225575e-03	4.998066069e-03	7.755941515e-03	5.004326320e-04	
1.558940800e+03	7.536871624e-03	5.141871832e-03	8.069520958e-03	5.193735057e-04	
1.555827200e+03	7.753257447e-03	5.288885630e-03	8.394871180e-03	5.390157530e-04	
1.552720000e+03	7.973765642e-03	5.438683831e-03	8.730961148e-03	5.592881975e-04	
1.549619200e+03	8.198704118e-03	5.591474203e-03	9.078489827e-03	5.802309397e-04	
1.546524800e+03	8.429253907e-03	5.748059748e-03	9.439883814e-03	6.019937913e-04	
1.543436800e+03	8.664471372e-03	5.907794410e-03	9.813449830e-03	6.244631237e-04	
1.540355200e+03	8.904516382e-03	6.070784946e-03	1.019963140e-02	6.476621021e-04	
1.537280000e+03	9.150852261e-03	6.238026518e-03	1.060150150e-02	6.717802406e-04	
1.534211200e+03	9.402607492e-03	6.408922431e-03	1.101749732e-02	6.967123497e-04	
1.531148800e+03	9.659790879e-03	6.583476335e-03	1.144779776e-02	7.224642102e-04	
1.528092800e+03	9.923576246e-03	6.762485803e-03	1.189500964e-02	7.491944314e-04	
1.525043200e+03	1.019382483e-02	6.945853693e-03	1.235906422e-02	7.768922415e-04	
1.522000000e+03	1.047014210e-02	7.133308703e-03	1.283933461e-02	8.055120896e-04	
1.518963200e+03	1.075330856e-02	7.325380203e-03	1.333770090e-02	8.351658703e-04	
1.515932800e+03	1.104413274e-02	7.522616382e-03	1.385616909e-02	8.659724890e-04	
1.512908800e+03	1.134170343e-02	7.724393962e-03	1.439300753e-02	8.978169629e-04	
1.509891200e+03	1.164628200e-02	7.930888592e-03	1.494903203e-02	9.307440503e-04	
1.506880000e+03	1.195987100e-02	8.143461376e-03	1.552900302e-02	9.650432459e-04	
1.503875200e+03	1.228091890e-02	8.361053055e-03	1.612976026e-02	1.000510770e-03	
1.500876800e+03	1.260962731e-02	8.583798475e-03	1.675204831e-02	1.037186438e-03	
1.497884800e+03	1.294769759e-02	8.812853166e-03	1.740014751e-02	1.075328342e-03	
1.494899200e+03	1.329457048e-02	9.047833584e-03	1.807313362e-02	1.114871695e-03	
1.491920000e+03	1.364985854e-02	9.288473393e-03	1.877044714e-02	1.155775084e-03	
1.488947200e+03	1.401458554e-02	9.535466566e-03	1.949491047e-02	1.198205364e-03	
1.485980800e+03	1.438972179e-02	9.789470328e-03	2.024931586e-02	1.242326421e-03	
1.483020800e+03	1.477406193e-02	1.004966163e-02	2.103116876e-02	1.287977509e-03	
1.480067200e+03	1.516782308e-02	1.031618544e-02	2.184142263e-02	1.335210249e-03	
1.477120000e+03	1.557372373e-02	1.059088761e-02	2.268741806e-02	1.384465538e-03	
1.474179200e+03	1.598970711e-02	1.087236592e-02	2.356448209e-02	1.435449683e-03	
1.471244800e+03	1.641594265e-02	1.116073266e-02	2.447353521e-02	1.488211647e-03	
1.468316800e+03	1.685427072e-02	1.145723579e-02	2.541985655e-02	1.543064807e-03	
1.465395200e+03	1.730463248e-02	1.176183166e-02	2.640393454e-02	1.600030132e-03	
1.462480000e+03	1.776611466e-02	1.207389602e-02	2.742399017e-02	1.658991805e-03	
1.459571200e+03	1.823939386e-02	1.239388530e-02	2.848245196e-02	1.720089233e-03	
1.456668800e+03	1.872691466e-02	1.272345680e-02	2.958674333e-02	1.783762004e-03	
1.453772800e+03	1.922646114e-02	1.306110075e-02	3.073145098e-02	1.849674569e-03	
1.450883200e+03	1.973827519e-02	1.340697791e-02	3.191791935e-02	1.917900242e-03	
1.448000000e+03	2.026493442e-02	1.376283499e-02	3.315419052e-02	1.988913738e-03	
1.445123200e+03	2.080555574e-02	1.412806764e-02	3.443861582e-02	2.062606459e-03	
1.442252800e+03	2.135940002e-02	1.450216974e-02	3.576987570e-02	2.138890838e-03	
1.439388800e+03	2.192750424e-02	1.488584112e-02	3.715180460e-02	2.217987998e-03	
1.436531200e+03	2.251235371e-02	1.528076416e-02	3.859266508e-02	2.300381589e-03	
1.433680000e+03	2.311142595e-02	1.568522156e-02	4.008598815e-02	2.385675991e-03	
1.430835200e+03	2.372497914e-02	1.609938405e-02	4.163346344e-02	2.473963697e-03	
1.427996800e+03	2.435618062e-02	1.652539593e-02	4.324571525e-02	2.565866696e-03	
1.425164800e+03	2.500381202e-02	1.696242491e-02	4.492020248e-02	2.661223708e-03	
1.422339200e+03	2.566697769e-02	1.740985823e-02	4.665525587e-02	2.759926682e-03	
1.419520000e+03	2.634668823e-02	1.786837630e-02	4.845520767e-02	2.862223355e-03	
1.416707200e+03	2.704622868e-02	1.834020122e-02	5.033201443e-02	2.968809765e-03	
1.413900800e+03	2.776239346e-02	1.882315308e-02	5.227648111e-02	3.079132779e-03	
1.411100800e+03	2.849545621e-02	1.931741213e-02	5.429071944e-02	3.193308410e-03	
1.408307200e+03	2.924871309e-02	1.982520698e-02	5.638693029e-02	3.312044921e-03	
1.405520000e+03	3.002162006e-02	2.034616227e-02	5.856487324e-02	3.435317302e-03	
1.402739200e+03	3.081256786e-02	2.087918121e-02	6.082063595e-02	3.562886583e-03	
1.399964800e+03	3.162190148e-02	2.142449192e-02	6.315683200e-02	3.694897762e-03	
1.397196800e+03	3.245520338e-02	2.198586998e-02	6.559473895e-02	3.832585689e-03	
1.394435200e+03	3.330772039e-02	2.256008819e-02	6.811933210e-02	3.975061287e-03	
1.391680000e+03	3.417973133e-02	2.314732942e-02	7.073321856e-02	4.122469024e-03	
1.388931200e+03	3.507384622e-02	2.374935495e-02	7.344749713e-02	4.275447482e-03	
1.386188800e+03	3.599190710e-02	2.436740484e-02	7.627087231e-02	4.434493399e-03	
1.383452800e+03	3.693066944e-02	2.499927531e-02	7.919353066e-02	4.599027114e-03	
1.380723200e+03	3.789040804e-02	2.564514638e-02	8.221838470e-02	4.769211093e-03	
1.378000000e+03	3.887622682e-02	2.630846568e-02	8.536697463e-02	4.946286884e-03	
1.375283200e+03	3.988564869e-02	2.698754915e-02	8.863221151e-02	5.129834580e-03	
1.372572800e+03	4.091726257e-02	2.768143545e-02	9.201085098e-02	5.319659888e-03	
1.369868800e+03	4.197168074e-02	2.839053284e-02	9.550751020e-02	5.516024836e-03	
1.367171200e+03	4.305585036e-02	2.911953334e-02	9.915232151e-02	5.720662915e-03	
1.364480000e+03	4.416343436e-02	2.986414316e-02	1.029227765e-01	5.932268013e-03	
1.361795200e+03	4.529468110e-02	3.062452445e-02	1.068223788e-01	6.151039095e-03	
1.359116800e+03	4.645244902e-02	3.140260380e-02	1.108654674e-01	6.377798924e-03	
1.356444800e+03	4.763995567e-02	3.220054920e-02	1.150684227e-01	6.613485372e-03	
1.353779200e+03	4.885231122e-02	3.301504857e-02	1.194140790e-01	6.857108735e-03	
1.351120000e+03	5.008973440e-02	3.384624458e-02	1.239062754e-01	7.108890099e-03	
1.348467200e+03	5.135753546e-02	3.469771968e-02	1.285713911e-01	7.370343049e-03	
1.345820800e+03	5.265492612e-02	3.556893448e-02	1.334096647e-01	7.641480639e-03	
1.343180800e+03	5.397850751e-02	3.645758731e-02	1.384094956e-01	7.921640737e-03	
1.340547200e+03	5.532845461e-02	3.736379220e-02	1.435750536e-01	8.211067600e-03	
1.337920000e+03	5.671261964e-02	3.829284672e-02	1.489453770e-01	8.511998875e-03	
1.335299200e+03	5.812597508e-02	3.924135010e-02	1.545021011e-01	8.823389831e-03	
1.332684800e+03	5.956670329e-02	4.020807133e-02	1.602408879e-01	9.145002330e-03	
1.330076800e+03	6.103492042e-02	4.119308603e-02	1.661662151e-01	9.477104286e-03	
1.327475200e+03	6.254115633e-02	4.220349692e-02	1.723331141e-01	9.822845889e-03	
1.324880000e+03	6.407597786e-02	4.323293320e-02	1.787010836e-01	1.017993092e-02	
1.322291200e+03	6.563913487e-02	4.428122418e-02	1.852733594e-01	1.054856238e-02	
1.319708800e+03	6.723197651e-02	4.534927875e-02	1.920612028e-01	1.092940200e-02	
1.317132800e+03	6.886381309e-02	4.644337417e-02	1.991163592e-01	1.132541523e-02	
1.314563200e+03	7.052468122e-02	4.755678744e-02	2.063946094e-01	1.173410984e-02	
1.312000000e+03	7.221453743e-02	4.868948891e-02	2.139008627e-01	1.215579398e-02	
1.309443200e+03	7.393608982e-02	4.984330447e-02	2.216544981e-01	1.259159988e-02	
1.306892800e+03	7.569679359e-02	5.102325774e-02	2.297007130e-01	1.304412736e-02	
1.304348800e+03	7.748683909e-02	5.222273318e-02	2.379945655e-01	1.351085942e-02	
1.301811200e+03	7.930598098e-02	5.344156243e-02	2.465407730e-01	1.399210525e-02	
1.299280000e+03	8.119659957e-02	5.470829513e-02	2.553427832e-01	1.448810667e-02	
1.296755200e+03	8.322743976e-02	5.606923173e-02	2.644037220e-01	1.499909017e-02	
1.294236800e+03	8.529331974e-02	5.745350392e-02	2.737353071e-01	1.552576825e-02	
1.291724800e+03	8.739363253e-02	5.886071578e-02	2.833479045e-01	1.606878345e-02	
1.289219200e+03	8.953666953e-02	6.029646134e-02	2.932542322e-01	1.662891640e-02	
1.286720000e+03	9.173185754e-02	6.176709592e-02	3.034795056e-01	1.720766009e-02	
1.284227200e+03	9.396529890e-02	6.326326949e-02	3.140023206e-01	1.780386750e-02	
1.281740800e+03	9.623934580e-02	6.478657676e-02	3.248343027e-01	1.841826879e-02	
1.279260800e+03	9.855473546e-02	6.633752527e-02	3.359659181e-01	1.905039834e-02	
1.276787200e+03	1.009185769e-01	6.792091309e-02	3.473953140e-01	1.970023015e-02	
1.274320000e+03	1.033189780e-01	6.952875225e-02	3.591612141e-01	2.037004206e-02	
1.271859200e+03	1.057555736e-01	7.116081355e-02	3.713090842e-01	2.106250045e-02	
1.269404800e+03	1.082375352e-01	7.282328174e-02	3.837806035e-01	2.177439109e-02	
1.266956800e+03	1.107851405e-01	7.452981348e-02	3.965673594e-01	2.250533355e-02	
1.264515200e+03	1.133709387e-01	7.626196060e-02	4.097065229e-01	2.325753581e-02	
1.262080000e+03	1.159978888e-01	7.802173706e-02	4.232487369e-01	2.403397932e-02	
1.259651200e+03	1.186618833e-01	7.980640131e-02	4.371386819e-01	2.483163582e-02	
1.257228800e+03	1.213637598e-01	8.161653968e-02	4.513518211e-01	2.564922463e-02	
1.254812800e+03	1.241047468e-01	8.345300303e-02	4.659349068e-01	2.648951910e-02	
1.252403200e+03	1.269189333e-01	8.533873738e-02	4.809954140e-01	2.735875719e-02	
1.250000000e+03	1.297700936e-01	8.724940781e-02	4.964345094e-01	2.825145277e-02	
1.247603200e+03	1.326637032e-01	8.918872372e-02	5.122529240e-01	2.916778128e-02	
1.245212800e+03	1.355936246e-01	9.115258743e-02	5.284598559e-01	3.010840356e-02	
1.242828800e+03	1.385737902e-01	9.315039388e-02	5.450731157e-01	3.107447781e-02	
1.240451200e+03	1.415913430e-01	9.517352971e-02	5.620870228e-01	3.206582760e-02	
1.238080000e+03	1.446644312e-01	9.723422419e-02	5.795275224e-01	3.308408665e-02	
1.235715200e+03	1.477781862e-01	9.932251578e-02	5.973843454e-01	3.412882646e-02	
1.233356800e+03	1.509405539e-01	1.014437790e-01	6.157281491e-01	3.520424954e-02	
1.231004800e+03	1.541443519e-01	1.035932191e-01	6.345292755e-01	3.630883602e-02	
1.228659200e+03	1.573908300e-01	1.057717078e-01	6.537811457e-01	3.744238583e-02	
1.226320000e+03	1.606780162e-01	1.079779517e-01	6.734857098e-01	3.860518990e-02	
1.223987200e+03	1.640151356e-01	1.102181811e-01	6.936484137e-01	3.979774453e-02	
1.221660800e+03	1.674071896e-01	1.124957894e-01	7.142797624e-01	4.102084207e-02	
1.219340800e+03	1.708421060e-01	1.148026994e-01	7.353939628e-01	4.227549327e-02	
1.217027200e+03	1.743317175e-01	1.171468972e-01	7.570388831e-01	4.356465560e-02	
1.214720000e+03	1.778573185e-01	1.195158469e-01	7.791580870e-01	4.488529282e-02	
1.212419200e+03	1.814229433e-01	1.219122926e-01	8.017654364e-01	4.623841109e-02	
1.210124800e+03	1.850230688e-01	1.243325534e-01	8.248569979e-01	4.762399605e-02	
1.207836800e+03	1.886962498e-01	1.268025673e-01	8.484988404e-01	4.904608711e-02	
1.205555200e+03	1.924066770e-01	1.292983044e-01	8.726425875e-01	5.050211877e-02	
1.203280000e+03	1.961654087e-01	1.318272287e-01	8.973217291e-01	5.199426234e-02	
1.201011200e+03	1.999632858e-01	1.343832169e-01	9.225226510e-01	5.352196887e-02	
1.198748800e+03	2.038162523e-01	1.369770145e-01	9.483202839e-01	5.508983566e-02	
1.196492800e+03	2.077208719e-01	1.396063419e-01	9.747107456e-01	5.669790561e-02	
1.194243200e+03	2.116649718e-01	1.422630452e-01	1.001628293e+00	5.834262008e-02	
1.192000000e+03	2.156529998e-01	1.449501403e-01	1.029068707e+00	6.002399133e-02	
1.189763200e+03	2.196801950e-01	1.476644540e-01	1.057069069e+00	6.174444489e-02	
1.187532800e+03	2.237830116e-01	1.504305174e-01	1.085741631e+00	6.351083097e-02	
1.185308800e+03	2.279208147e-01	1.532210448e-01	1.114978380e+00	6.531713696e-02	
1.183091200e+03	2.321116281e-01	1.560481792e-01	1.144852157e+00	6.716792986e-02	
1.180880000e+03	2.363401490e-01	1.589016577e-01	1.175315922e+00	6.906076513e-02	
1.178675200e+03	2.406178554e-01	1.617892204e-01	1.206415094e+00	7.099863040e-02	
1.176476800e+03	2.449398278e-01	1.647075817e-01	1.238141236e+00	7.298136423e-02	
1.174284800e+03	2.493088903e-01	1.676586609e-01	1.270493315e+00	7.500924832e-02	
1.172099200e+03	2.537392691e-01	1.706520468e-01	1.303507197e+00	7.708475599e-02	
1.169920000e+03	2.582051688e-01	1.736704136e-01	1.337136942e+00	7.920553478e-02	
1.167747200e+03	2.627442265e-01	1.767390985e-01	1.371455132e+00	8.137626115e-02	
1.165580800e+03	2.673173799e-01	1.798318550e-01	1.406399910e+00	8.359365714e-02	
1.163420800e+03	2.719444946e-01	1.829620736e-01	1.442149225e+00	8.586871266e-02	
1.161267200e+03	2.766124796e-01	1.861209654e-01	1.478606715e+00	8.819615242e-02	
1.159120000e+03	2.813296451e-01	1.893141325e-01	1.515643939e+00	9.056874756e-02	
1.156979200e+03	2.861033349e-01	1.925465368e-01	1.553228628e+00	9.298497310e-02	
1.154844800e+03	2.909156424e-01	1.958061614e-01	1.591500872e+00	9.545363862e-02	
1.152716800e+03	2.958426292e-01	1.991442411e-01	1.630927304e+00	9.800328714e-02	
1.150595200e+03	3.008025075e-01	2.025057588e-01	1.671033085e+00	1.006060120e-01	
1.148480000e+03	3.057733735e-01	2.058759875e-01	1.711625048e+00	1.032506642e-01	
1.146371200e+03	3.107661790e-01	2.092623225e-01	1.752814571e+00	1.059444190e-01	
1.144268800e+03	3.157833405e-01	2.126664179e-01	1.794739708e+00	1.086961506e-01	
1.142172800e+03	3.208192426e-01	2.160845093e-01	1.837459066e+00	1.115100162e-01	
1.140083200e+03	3.258802177e-01	2.195208480e-01	1.880856616e+00	1.143796051e-01	
1.138000000e+03	3.311720321e-01	2.231140507e-01	1.924910456e+00	1.173042360e-01	
1.135923200e+03	3.365007299e-01	2.267335544e-01	1.969640547e+00	1.202857163e-01	
1.133852800e+03	3.418271399e-01	2.303530527e-01	2.015255892e+00	1.233374703e-01	
1.131788800e+03	3.471546026e-01	2.339748384e-01	2.061728785e+00	1.264585604e-01	
1.129731200e+03	3.525119706e-01	2.376183739e-01	2.108912359e+00	1.296407489e-01	
1.127680000e+03	3.579374645e-01	2.413094533e-01	2.156898344e+00	1.328904431e-01	
1.125635200e+03	3.633835944e-01	2.450161133e-01	2.205577223e+00	1.362016959e-01	
1.123596800e+03	3.688721088e-01	2.487530675e-01	2.255256480e+00	1.395943489e-01	
1.121564800e+03	3.743884674e-01	2.525105507e-01	2.305774825e+00	1.430593934e-01	
1.119539200e+03	3.799232125e-01	2.562822053e-01	2.356905158e+00	1.465836535e-01	
1.117520000e+03	3.854829094e-01	2.600724868e-01	2.408436910e+00	1.501548540e-01	
1.115507200e+03	3.910532311e-01	2.638717781e-01	2.460633752e+00	1.537902340e-01	
1.113500800e+03	3.967133544e-01	2.677335674e-01	2.513873516e+00	1.575144408e-01	
1.111500800e+03	4.024091509e-01	2.716214040e-01	2.567910011e+00	1.613131989e-01	
1.109507200e+03	4.081045638e-01	2.755110181e-01	2.622658587e+00	1.651822674e-01	
1.107520000e+03	4.137833189e-01	2.793914678e-01	2.678217733e+00	1.691289599e-01	
1.105539200e+03	4.194611755e-01	2.832733989e-01	2.734418212e+00	1.731437681e-01	
1.103564800e+03	4.252583891e-01	2.872380405e-01	2.791187703e+00	1.772232888e-01	
1.101596800e+03	4.310983407e-01	2.912337399e-01	2.848546201e+00	1.813698987e-01	
1.099635200e+03	4.369386563e-01	2.952319840e-01	2.906629018e+00	1.855933762e-01	
1.097680000e+03	4.427963821e-01	2.992443814e-01	2.965853739e+00	1.899217674e-01	
1.095731200e+03	4.486430162e-01	3.032517212e-01	3.025673591e+00	1.943215896e-01	
1.093788800e+03	4.544805254e-01	3.072553663e-01	3.085950177e+00	1.987852481e-01	
1.091852800e+03	4.603033760e-01	3.112516203e-01	3.146706492e+00	2.033154981e-01	
1.089923200e+03	4.661080529e-01	3.152381483e-01	3.207993416e+00	2.079169600e-01	
1.088000000e+03	4.719710474e-01	3.192667344e-01	3.269806259e+00	2.125907695e-01	
1.086083200e+03	4.778073317e-01	3.232799599e-01	3.332110113e+00	2.173360558e-01	
1.084172800e+03	4.836381791e-01	3.272923034e-01	3.395163253e+00	2.221711789e-01	
1.082268800e+03	4.894680099e-01	3.313068290e-01	3.459042279e+00	2.271029080e-01	
1.080371200e+03	4.952606012e-01	3.352990601e-01	3.523362934e+00	2.321077691e-01	
1.078480000e+03	5.011095370e-01	3.393323956e-01	3.588278365e+00	2.371975537e-01	
1.076595200e+03	5.069388139e-01	3.433554644e-01	3.653631047e+00	2.423635526e-01	
1.074716800e+03	5.127202306e-01	3.473492417e-01	3.719331218e+00	2.476014558e-01	
1.072844800e+03	5.184464016e-01	3.513087805e-01	3.785251976e+00	2.529044228e-01	
1.070979200e+03	5.241175270e-01	3.552342691e-01	3.851482930e+00	2.582800456e-01	
1.069120000e+03	5.297580276e-01	3.591423152e-01	3.918177105e+00	2.637403682e-01	
1.067267200e+03	5.353673442e-01	3.630326031e-01	3.985330561e+00	2.692870665e-01	
1.065420800e+03	5.409092285e-01	3.668805990e-01	4.052707565e+00	2.749061339e-01	
1.063580800e+03	5.464671720e-01	3.707429794e-01	4.120566274e+00	2.806170450e-01	
1.061747200e+03	5.519761079e-01	3.745756890e-01	4.188673570e+00	2.864059693e-01	
1.059920000e+03	5.574090222e-01	3.783604558e-01	4.256923931e+00	2.922676012e-01	
1.058099200e+03	5.628303714e-01	3.821410902e-01	4.325599854e+00	2.982233713e-01	
1.056284800e+03	5.681644030e-01	3.858662363e-01	4.394339231e+00	3.042504255e-01	
1.054476800e+03	5.734182872e-01	3.895408093e-01	4.463187901e+00	3.103538857e-01	
1.052675200e+03	5.786045656e-01	3.931733743e-01	4.532231421e+00	3.165417865e-01	
1.050880000e+03	5.836899885e-01	3.967413726e-01	4.601225738e+00	3.227991992e-01	
1.049091200e+03	5.887127503e-01	4.002707873e-01	4.670231793e+00	3.291324322e-01	
1.047308800e+03	5.936674910e-01	4.037580262e-01	4.739206934e+00	3.355405946e-01	
1.045532800e+03	5.985084529e-01	4.071720282e-01	4.808010700e+00	3.420157566e-01	
1.043763200e+03	6.032637604e-01	4.105319666e-01	4.876934789e+00	3.485807816e-01	
1.042000000e+03	6.079102880e-01	4.138221390e-01	4.945751272e+00	3.552217162e-01	
1.040243200e+03	6.124288416e-01	4.170294717e-01	5.014267072e+00	3.619268455e-01	
1.038492800e+03	6.168855774e-01	4.201990081e-01	5.082389890e+00	3.686915508e-01	
1.036748800e+03	6.212173632e-01	4.232877967e-01	5.150109519e+00	3.755169406e-01	
1.035011200e+03	6.254088314e-01	4.262853930e-01	5.217390228e+00	3.824022840e-01	
1.033280000e+03	6.295649036e-01	4.292633471e-01	5.285038636e+00	3.894090848e-01	
1.031555200e+03	6.335726637e-01	4.321447177e-01	5.352170174e+00	3.964748867e-01	
1.029836800e+03	6.374328298e-01	4.349299611e-01	5.418718496e+00	4.035967159e-01	
1.028124800e+03	6.411935687e-01	4.376519168e-01	5.484560036e+00	4.107672461e-01	
1.026419200e+03	6.447928832e-01	4.402682872e-01	5.549728127e+00	4.179906087e-01	
1.024720000e+03	6.482412654e-01	4.427862163e-01	5.614237064e+00	4.252696628e-01	
1.023027200e+03	6.515929554e-01	4.452427399e-01	5.678288310e+00	4.326216464e-01	
1.021340800e+03	6.547725185e-01	4.475863277e-01	5.741531359e+00	4.400217680e-01	
1.019660800e+03	6.577854606e-01	4.498207206e-01	5.804063436e+00	4.474791541e-01	
1.017987200e+03	6.606538140e-01	4.519609592e-01	5.866257568e+00	4.550245966e-01	
1.016320000e+03	6.633388666e-01	4.539805045e-01	5.927504776e+00	4.626130917e-01	
1.014659200e+03	6.658599647e-01	4.558924883e-01	5.987757449e+00	4.702425014e-01	
1.013004800e+03	6.682814447e-01	4.577409051e-01	6.046994256e+00	4.779126473e-01	
1.011356800e+03	6.705096654e-01	4.594616136e-01	6.105131252e+00	4.856180775e-01	
1.009715200e+03	6.725539000e-01	4.610608977e-01	6.162184031e+00	4.933611407e-01	
1.008080000e+03	6.744545300e-01	4.625663697e-01	6.218321348e+00	5.011566741e-01	
1.006451200e+03	6.761553622e-01	4.639394333e-01	6.273237024e+00	5.089812098e-01	
1.004828800e+03	6.776574004e-01	4.651806892e-01	6.326973957e+00	5.168390616e-01	
1.003212800e+03	6.789768719e-01	4.663011926e-01	6.380087359e+00	5.247768804e-01	
1.001603200e+03	6.800900144e-01	4.672844948e-01	6.431855737e+00	5.327370372e-01	
1.000000000e+03	6.809939376e-01	4.681284206e-01	6.482223699e+00	5.407155777e-01	
9.984032000e+02	6.818109457e-01	4.689169067e-01	6.531194493e+00	5.487134529e-01	
9.968128000e+02	6.824156593e-01	4.695636895e-01	6.578682138e+00	5.567235176e-01	
9.952288000e+02	6.828079782e-01	4.700685619e-01	6.624657161e+00	5.647431994e-01	
9.936512000e+02	6.830850832e-01	4.704982867e-01	6.669617602e+00	5.728154539e-01	
9.920800000e+02	6.831646391e-01	4.707960729e-01	6.713089286e+00	5.809000932e-01	
9.905152000e+02	6.830303601e-01	4.709505370e-01	6.754954561e+00	5.889865852e-01	
9.889568000e+02	6.826973570e-01	4.709719087e-01	6.795288028e+00	5.970809449e-01	
9.874048000e+02	6.821584892e-01	4.708550801e-01	6.834010505e+00	6.051756477e-01	
9.858592000e+02	6.814071568e-01	4.705952872e-01	6.871044846e+00	6.132629975e-01	
9.843200000e+02	6.804871017e-01	4.702225369e-01	6.906699214e+00	6.213697158e-01	
9.827872000e+02	6.794095478e-01	4.697444317e-01	6.941035597e+00	6.295011589e-01	
9.812608000e+02	6.781210950e-01	4.691238649e-01	6.973608170e+00	6.376160755e-01	
9.797408000e+02	6.766310755e-01	4.683670332e-01	7.004332452e+00	6.457050732e-01	
9.782272000e+02	6.749722244e-01	4.674963480e-01	7.032955854e+00	6.537426190e-01	
9.767200000e+02	6.731090064e-01	4.664869894e-01	7.059773174e+00	6.617531159e-01	
9.752192000e+02	6.710452330e-01	4.653413684e-01	7.084787060e+00	6.697342914e-01	
9.737248000e+02	6.688703383e-01	4.641213133e-01	7.109358476e+00	6.778136994e-01	
9.722368000e+02	6.665123107e-01	4.627766792e-01	7.132329589e+00	6.858813503e-01	
9.707552000e+02	6.639579970e-01	4.612980368e-01	7.153444693e+00	6.939103847e-01	
9.692800000e+02	6.612344413e-01	4.597038436e-01	7.172220983e+00	7.018505254e-01	
9.678112000e+02	6.583471094e-01	4.579976202e-01	7.188645072e+00	7.096953726e-01	
9.663488000e+02	6.552765015e-01	4.561655531e-01	7.203233511e+00	7.174908017e-01	
9.648928000e+02	6.520351428e-01	4.542160975e-01	7.216135667e+00	7.252476911e-01	
9.634432000e+02	6.487030775e-01	4.522048031e-01	7.228802936e+00	7.331099897e-01	
9.620000000e+02	6.451986528e-01	4.500745233e-01	7.239649335e+00	7.409163983e-01	
9.605632000e+02	6.415256547e-01	4.478275508e-01	7.248673622e+00	7.486624633e-01	
9.591328000e+02	6.377129847e-01	4.454837114e-01	7.255485411e+00	7.563029155e-01	
9.577088000e+02	6.337578076e-01	4.430407289e-01	7.260252565e+00	7.638488644e-01	
9.562912000e+02	6.296511206e-01	4.404920173e-01	7.263268691e+00	7.713251932e-01	
9.548800000e+02	6.254074218e-01	4.378474144e-01	7.264695527e+00	7.787436446e-01	
9.534752000e+02	6.211064121e-01	4.351624802e-01	7.265783992e+00	7.862350820e-01	
9.520768000e+02	6.166680441e-01	4.323809062e-01	7.265174735e+00	7.936502995e-01	
9.506848000e+02	6.120975874e-01	4.295060272e-01	7.262885289e+00	8.009854720e-01	
9.492992000e+02	6.074218072e-01	4.265562752e-01	7.258633178e+00	8.082032011e-01	
9.479200000e+02	6.026466099e-01	4.235354823e-01	7.252468076e+00	8.153014341e-01	
9.465472000e+02	5.977589822e-01	4.204342140e-01	7.244738634e+00	8.223118530e-01	
9.451808000e+02	5.927664313e-01	4.172574326e-01	7.235493571e+00	8.292333094e-01	
9.438208000e+02	5.877258256e-01	4.140449047e-01	7.225746846e+00	8.361767638e-01	
9.424672000e+02	5.825983692e-01	4.107690484e-01	7.214687782e+00	8.430447678e-01	
9.411200000e+02	5.773824165e-01	4.074283864e-01	7.202201349e+00	8.498174482e-01	
9.397792000e+02	5.720926000e-01	4.040329251e-01	7.188377557e+00	8.564985781e-01	
9.384448000e+02	5.667680989e-01	4.006100524e-01	7.173464492e+00	8.631113563e-01	
9.371168000e+02	5.613730737e-01	3.971341976e-01	7.157241056e+00	8.696226000e-01	
9.357952000e+02	5.559140440e-01	3.936096574e-01	7.139750412e+00	8.760302624e-01	
9.344800000e+02	5.504244070e-01	3.900597687e-01	7.120901866e+00	8.823160566e-01	
9.331712000e+02	5.449242497e-01	3.864985262e-01	7.100680785e+00	8.884701221e-01	
9.318688000e+02	5.393788389e-01	3.829010775e-01	7.079345787e+00	8.945164452e-01	
9.305728000e+02	5.337954747e-01	3.792723449e-01	7.056957382e+00	9.004551782e-01	
9.292832000e+02	5.282035613e-01	3.756329810e-01	7.034033676e+00	9.063458459e-01	
9.280000000e+02	5.226030135e-01	3.719827271e-01	7.010513235e+00	9.121754693e-01	
9.267232000e+02	5.169807947e-01	3.683120797e-01	6.986064164e+00	9.178948428e-01	
9.254528000e+02	5.113427690e-01	3.646249722e-01	6.960734057e+00	9.235030163e-01	
9.241888000e+02	5.057134479e-01	3.609386582e-01	6.934645952e+00	9.290094335e-01	
9.229312000e+02	5.000894986e-01	3.572505806e-01	6.907814146e+00	9.344091997e-01	
9.216800000e+02	4.944659804e-01	3.535570260e-01	6.880247263e+00	9.396966149e-01	
9.204352000e+02	4.888483225e-01	3.498616876e-01	6.851995142e+00	9.448717632e-01	
9.191968000e+02	4.832977368e-01	3.462082710e-01	6.824095916e+00	9.500737859e-01	
9.179648000e+02	4.777896615e-01	3.425791279e-01	6.796103997e+00	9.552381067e-01	
9.167392000e+02	4.722976675e-01	3.389551715e-01	6.767519853e+00	9.602890543e-01	
9.155200000e+02	4.668267693e-01	3.353398179e-01	6.738391661e+00	9.652266684e-01	
9.143072000e+02	4.614085770e-01	3.317556181e-01	6.708832462e+00	9.700601654e-01	
9.131008000e+02	4.560395514e-01	3.281999574e-01	6.678868698e+00	9.747877820e-01	
9.119008000e+02	4.507034506e-01	3.246610814e-01	6.648494966e+00	9.794034454e-01	
9.107072000e+02	4.454036332e-01	3.211413123e-01	6.617746576e+00	9.839070563e-01	
9.095200000e+02	4.401786925e-01	3.176684092e-01	6.586685594e+00	9.883034210e-01	
9.083392000e+02	4.350470913e-01	3.142556975e-01	6.555366170e+00	9.925959310e-01	
9.071648000e+02	4.299598822e-01	3.108678248e-01	6.523793044e+00	9.967790522e-01	
9.059968000e+02	4.249213564e-01	3.075078400e-01	6.492020895e+00	1.000855880e+00	
9.048352000e+02	4.199413780e-01	3.041828657e-01	6.460301808e+00	1.004861414e+00	
9.036800000e+02	4.150549301e-01	3.009182922e-01	6.429709207e+00	1.008962191e+00	
9.025312000e+02	4.102222400e-01	2.976853137e-01	6.398981725e+00	1.012959594e+00	
9.013888000e+02	4.054457827e-01	2.944856881e-01	6.368152360e+00	1.016854637e+00	
9.002528000e+02	4.007280547e-01	2.913212119e-01	6.337256128e+00	1.020648737e+00	
8.991232000e+02	3.960849635e-01	2.882034500e-01	6.306210852e+00	1.024324104e+00	
8.980000000e+02	3.915084552e-01	2.851265930e-01	6.275135531e+00	1.027896788e+00	
8.968832000e+02	3.869962086e-01	2.820890145e-01	6.244093794e+00	1.031374577e+00	
8.957728000e+02	3.825495664e-01	2.790917534e-01	6.213112074e+00	1.034759309e+00	
8.946688000e+02	3.781974946e-01	2.761560302e-01	6.182587233e+00	1.038116048e+00	
8.935712000e+02	3.739760470e-01	2.733083446e-01	6.153023056e+00	1.041530611e+00	
8.924800000e+02	3.698192427e-01	2.705006352e-01	6.123550620e+00	1.044855774e+00	
8.913952000e+02	3.657286096e-01	2.677340896e-01	6.094201570e+00	1.048094604e+00	
8.903168000e+02	3.617051491e-01	2.650095267e-01	6.065001120e+00	1.051249627e+00	
8.892448000e+02	3.577567167e-01	2.623327996e-01	6.036115737e+00	1.054348456e+00	
8.881792000e+02	3.538793039e-01	2.597010944e-01	6.007477356e+00	1.057378616e+00	
8.871200000e+02	3.500703769e-01	2.571126623e-01	5.979045140e+00	1.060331948e+00	
8.860672000e+02	3.463301438e-01	2.545677824e-01	5.950836447e+00	1.063210763e+00	
8.850208000e+02	3.426585309e-01	2.520665155e-01	5.922863867e+00	1.066016757e+00	
8.839808000e+02	3.391197899e-01	2.496563016e-01	5.895719259e+00	1.068857351e+00	
8.829472000e+02	3.356485707e-01	2.472892559e-01	5.868835397e+00	1.071631062e+00	
8.819200000e+02	3.322438362e-01	2.449647603e-01	5.842221354e+00	1.074339275e+00	
8.808992000e+02	3.289054702e-01	2.426828737e-01	5.815891923e+00	1.076984791e+00	
8.798848000e+02	3.256367643e-01	2.404461823e-01	5.789918344e+00	1.079581406e+00	
8.788768000e+02	3.224621678e-01	2.382729227e-01	5.764720969e+00	1.082209737e+00	
8.778752000e+02	3.193513760e-01	2.361408822e-01	5.739825297e+00	1.084781617e+00	
8.768800000e+02	3.163042756e-01	2.340501213e-01	5.715246634e+00	1.087300162e+00	
8.758912000e+02	3.133204079e-01	2.320004565e-01	5.690995630e+00	1.089768034e+00	
8.749088000e+02	3.104027545e-01	2.299942501e-01	5.667124150e+00	1.092195989e+00	
8.739328000e+02	3.075813499e-01	2.280539400e-01	5.644018020e+00	1.094660249e+00	
8.729632000e+02	3.048199295e-01	2.261528411e-01	5.621250402e+00	1.097080171e+00	
8.720000000e+02	3.021180083e-01	2.242907481e-01	5.598831508e+00	1.099458637e+00	
8.710432000e+02	2.994749417e-01	2.224673419e-01	5.576769101e+00	1.101798255e+00	
8.700928000e+02	2.968899780e-01	2.206822204e-01	5.555068997e+00	1.104101337e+00	
8.691488000e+02	2.943968807e-01	2.189606551e-01	5.534242762e+00	1.106471685e+00	
8.682112000e+02	2.919627426e-01	2.172783659e-01	5.513828973e+00	1.108819847e+00	
8.672800000e+02	2.895831424e-01	2.156322184e-01	5.493779600e+00	1.111137424e+00	
8.663552000e+02	2.872573445e-01	2.140218161e-01	5.474099965e+00	1.113426800e+00	
8.654368000e+02	2.849845187e-01	2.124466913e-01	5.454793725e+00	1.115690177e+00	
8.645248000e+02	2.827712644e-01	2.109119214e-01	5.436067751e+00	1.117972015e+00	
8.636192000e+02	2.806157393e-01	2.094162865e-01	5.417901264e+00	1.120270221e+00	
8.627200000e+02	2.785102310e-01	2.079541718e-01	5.400108922e+00	1.122547802e+00	
8.618272000e+02	2.764540471e-01	2.065251910e-01	5.382694861e+00	1.124806851e+00	
8.609408000e+02	2.744464508e-01	2.051289288e-01	5.365662495e+00	1.127049339e+00	
8.600608000e+02	2.724866516e-01	2.037649174e-01	5.349013346e+00	1.129276855e+00	
8.591872000e+02	2.706231051e-01	2.024695349e-01	5.333411924e+00	1.131631422e+00	
8.583200000e+02	2.688078437e-01	2.012070695e-01	5.318228299e+00	1.133983104e+00	
8.574592000e+02	2.670363955e-01	1.999743031e-01	5.303414329e+00	1.136323206e+00	
8.566048000e+02	2.653081117e-01	1.987708662e-01	5.288972725e+00	1.138653536e+00	
8.557568000e+02	2.636222415e-01	1.975963094e-01	5.274904052e+00	1.140975534e+00	
8.549152000e+02	2.619790585e-01	1.964509505e-01	5.261225205e+00	1.143294266e+00	
8.540800000e+02	2.603861465e-01	1.953405876e-01	5.248073941e+00	1.145641791e+00	
8.532512000e+02	2.588331642e-01	1.942575696e-01	5.235291831e+00	1.147984343e+00	
8.524288000e+02	2.573196142e-01	1.932016160e-01	5.222881911e+00	1.150323584e+00	
8.516128000e+02	2.558448613e-01	1.921723437e-01	5.210844494e+00	1.152660674e+00	
8.508032000e+02	2.544082658e-01	1.911693634e-01	5.199179438e+00	1.154996690e+00	
8.500000000e+02	2.530091174e-01	1.901922285e-01	5.187884782e+00	1.157332352e+00	
8.492032000e+02	2.516832406e-01	1.892679670e-01	5.177573010e+00	1.159806270e+00	
8.484128000e+02	2.503923993e-01	1.883679329e-01	5.167613777e+00	1.162279653e+00	
8.476288000e+02	2.491360987e-01	1.874918317e-01	5.158007917e+00	1.164753621e+00	
8.468512000e+02	2.479137760e-01	1.866393126e-01	5.148754407e+00	1.167228894e+00	
8.460800000e+02	2.467248615e-01	1.858100191e-01	5.139851925e+00	1.169706149e+00	
8.453152000e+02	2.455687428e-01	1.850035560e-01	5.131297604e+00	1.172185654e+00	
8.445568000e+02	2.444609513e-01	1.842316952e-01	5.123348737e+00	1.174727470e+00	
8.438048000e+02	2.433956650e-01	1.834901240e-01	5.115919758e+00	1.177313671e+00	
8.430592000e+02	2.423607598e-01	1.827697719e-01	5.108822103e+00	1.179902066e+00	
8.423200000e+02	2.413557459e-01	1.820703255e-01	5.102053912e+00	1.182493056e+00	
8.415872000e+02	2.403801267e-01	1.813914631e-01	5.095612752e+00	1.185086874e+00	
8.408608000e+02	2.394333168e-01	1.807327994e-01	5.089494595e+00	1.187683498e+00	
8.401408000e+02	2.385147148e-01	1.800939282e-01	5.083694299e+00	1.190282603e+00	
8.394272000e+02	2.376390925e-01	1.794860580e-01	5.078431123e+00	1.192937134e+00	
8.387200000e+02	2.367939529e-01	1.788998042e-01	5.073527266e+00	1.195606222e+00	
8.380192000e+02	2.359751023e-01	1.783320431e-01	5.068925564e+00	1.198277057e+00	
8.373248000e+02	2.351821132e-01	1.777824915e-01	5.064623188e+00	1.200949693e+00	
8.366368000e+02	2.344145017e-01	1.772508234e-01	5.060616004e+00	1.203623913e+00	
8.359552000e+02	2.336717824e-01	1.767367109e-01	5.056899735e+00	1.206299506e+00	
8.352800000e+02	2.329534680e-01	1.762398219e-01	5.053469754e+00	1.208976126e+00	
8.346112000e+02	2.322713346e-01	1.757691052e-01	5.050581211e+00	1.211715931e+00	
8.339488000e+02	2.316210235e-01	1.753213053e-01	5.048148948e+00	1.214499830e+00	
8.332928000e+02	2.309930881e-01	1.748893068e-01	5.045978232e+00	1.217282053e+00	
8.326432000e+02	2.303870474e-01	1.744727786e-01	5.044063869e+00	1.220062135e+00	
8.320000000e+02	2.298024509e-01	1.740714088e-01	5.042400805e+00	1.222839563e+00	
8.313632000e+02	2.292388278e-01	1.736848691e-01	5.040983451e+00	1.225613749e+00	
8.307328000e+02	2.286956777e-01	1.733128093e-01	5.039805590e+00	1.228383984e+00	
8.301088000e+02	2.281724487e-01	1.729548369e-01	5.038859558e+00	1.231149203e+00	
8.294912000e+02	2.276911138e-01	1.726276360e-01	5.038447748e+00	1.233984334e+00	
8.288800000e+02	2.272330344e-01	1.723171115e-01	5.038314904e+00	1.236828144e+00	
8.282752000e+02	2.267929913e-01	1.720193327e-01	5.038389954e+00	1.239663981e+00	
8.276768000e+02	2.263705746e-01	1.717340126e-01	5.038667742e+00	1.242491359e+00	
8.270848000e+02	2.259653737e-01	1.714608609e-01	5.039142725e+00	1.245309631e+00	
8.264992000e+02	2.255769323e-01	1.711995537e-01	5.039808518e+00	1.248118033e+00	
8.259200000e+02	2.252047986e-01	1.709497695e-01	5.040658543e+00	1.250915705e+00	
8.253472000e+02	2.248485016e-01	1.707111703e-01	5.041685781e+00	1.253701725e+00	
8.247808000e+02	2.245118460e-01	1.704866653e-01	5.042911488e+00	1.256482223e+00	
8.242208000e+02	2.241967639e-01	1.702777421e-01	5.044345306e+00	1.259260428e+00	
8.236672000e+02	2.238960289e-01	1.700789341e-01	5.045935486e+00	1.262024267e+00	
8.231200000e+02	2.236092558e-01	1.698899697e-01	5.047676686e+00	1.264773225e+00	
8.225792000e+02	2.233360540e-01	1.697105680e-01	5.049562928e+00	1.267506582e+00	
8.220448000e+02	2.230760027e-01	1.695404278e-01	5.051587709e+00	1.270223495e+00	
8.215168000e+02	2.228286922e-01	1.693792547e-01	5.053744716e+00	1.272923236e+00	
8.209952000e+02	2.225937431e-01	1.692267761e-01	5.056028059e+00	1.275605081e+00	
8.204800000e+02	2.223707606e-01	1.690827088e-01	5.058431594e+00	1.278268303e+00	
8.199712000e+02	2.221602508e-01	1.689474551e-01	5.060981273e+00	1.280920274e+00	
8.194688000e+02	2.219744902e-01	1.688303724e-01	5.064140748e+00	1.283679530e+00	
8.189728000e+02	2.217991986e-01	1.687206155e-01	5.067393252e+00	1.286416294e+00	
8.184832000e+02	2.216339317e-01	1.686178600e-01	5.070731103e+00	1.289129426e+00	
8.180000000e+02	2.214783076e-01	1.685218300e-01	5.074148030e+00	1.291818131e+00	
8.175232000e+02	2.213319638e-01	1.684322638e-01	5.077638096e+00	1.294481639e+00	
8.170528000e+02	2.211945449e-01	1.683489043e-01	5.081195433e+00	1.297119254e+00	
8.165888000e+02	2.210657075e-01	1.682715051e-01	5.084814503e+00	1.299730312e+00	
8.161312000e+02	2.209451074e-01	1.681998158e-01	5.088489514e+00	1.302314110e+00	
8.156800000e+02	2.208324371e-01	1.681336162e-01	5.092215562e+00	1.304870111e+00	
8.152352000e+02	2.207273441e-01	1.680726517e-01	5.095986757e+00	1.307397621e+00	
8.147968000e+02	2.206380276e-01	1.680231801e-01	5.100053341e+00	1.309961788e+00	
8.143648000e+02	2.205651798e-01	1.679857440e-01	5.104441685e+00	1.312570432e+00	
8.139392000e+02	2.204985494e-01	1.679525486e-01	5.108849389e+00	1.315146611e+00	
8.135200000e+02	2.204378579e-01	1.679233914e-01	5.113271740e+00	1.317689780e+00	
8.131072000e+02	2.203828153e-01	1.678980635e-01	5.117703851e+00	1.320199375e+00	
8.127008000e+02	2.203331644e-01	1.678763787e-01	5.122141382e+00	1.322674925e+00	
8.123008000e+02	2.202886315e-01	1.678581400e-01	5.126579777e+00	1.325115944e+00	
8.119072000e+02	2.202489462e-01	1.678431517e-01	5.131014467e+00	1.327521960e+00	
8.115200000e+02	2.202138600e-01	1.678312349e-01	5.135441261e+00	1.329892505e+00	
8.111392000e+02	2.201831363e-01	1.678222188e-01	5.139856204e+00	1.332227206e+00	
8.107648000e+02	2.201564978e-01	1.678159028e-01	5.144254511e+00	1.334525511e+00	
8.103968000e+02	2.201336934e-01	1.678121052e-01	5.148631845e+00	1.336786916e+00	
8.100352000e+02	2.201143884e-01	1.678105774e-01	5.152981768e+00	1.339010425e+00	
8.096800000e+02	2.201092293e-01	1.678194436e-01	5.157221524e+00	1.341175042e+00	
8.093312000e+02	2.201081257e-01	1.678310226e-01	5.161419565e+00	1.343299204e+00	
8.089888000e+02	2.201098016e-01	1.678443535e-01	5.165584173e+00	1.345385623e+00	
8.086528000e+02	2.201140949e-01	1.678593204e-01	5.169712765e+00	1.347434193e+00	
8.083232000e+02	2.201208296e-01	1.678757985e-01	5.173802548e+00	1.349444748e+00	
8.080000000e+02	2.201298452e-01	1.678936713e-01	5.177850895e+00	1.351417158e+00	
8.076832000e+02	2.201409506e-01	1.679128027e-01	5.181854586e+00	1.353351113e+00	
8.073728000e+02	2.201539846e-01	1.679330763e-01	5.185811053e+00	1.355246532e+00	
8.070688000e+02	2.201687764e-01	1.679543699e-01	5.189717387e+00	1.357103143e+00	
8.067712000e+02	2.201851709e-01	1.679765725e-01	5.193571139e+00	1.358920850e+00	
8.064800000e+02	2.202030161e-01	1.679995747e-01	5.197369742e+00	1.360699474e+00	
8.061952000e+02	2.202221693e-01	1.680232749e-01	5.201110892e+00	1.362438887e+00	
8.059168000e+02	2.202424887e-01	1.680475712e-01	5.204792310e+00	1.364139005e+00	
8.056448000e+02	2.202638356e-01	1.680723652e-01	5.208411762e+00	1.365799706e+00	
8.053792000e+02	2.202860832e-01	1.680975657e-01	5.211967143e+00	1.367420882e+00	
8.051200000e+02	2.203091064e-01	1.681230835e-01	5.215456481e+00	1.369002467e+00	
8.048672000e+02	2.203371328e-01	1.681521507e-01	5.218973520e+00	1.370569526e+00	
8.046208000e+02	2.203694344e-01	1.681842182e-01	5.222503111e+00	1.372118520e+00	
8.043808000e+02	2.204019357e-01	1.682161817e-01	5.225956237e+00	1.373626528e+00	
8.041472000e+02	2.204345648e-01	1.682479914e-01	5.229331964e+00	1.375093662e+00	
8.039200000e+02	2.204672324e-01	1.682795844e-01	5.232628913e+00	1.376519943e+00	
8.036992000e+02	2.204998484e-01	1.683108966e-01	5.235845726e+00	1.377905398e+00	
8.034848000e+02	2.205323352e-01	1.683418742e-01	5.238981301e+00	1.379250077e+00	
8.032768000e+02	2.205646238e-01	1.683724693e-01	5.242034757e+00	1.380554120e+00	
8.030752000e+02	2.205966418e-01	1.684026308e-01	5.245004968e+00	1.381817542e+00	
8.028800000e+02	2.206283246e-01	1.684323140e-01	5.247891162e+00	1.383040498e+00	
8.026912000e+02	2.206596012e-01	1.684614697e-01	5.250692312e+00	1.384223028e+00	
8.025088000e+02	2.206904046e-01	1.684900504e-01	5.253407447e+00	1.385365200e+00	
8.023328000e+02	2.207206378e-01	1.685179879e-01	5.256035060e+00	1.386466957e+00	
8.021632000e+02	2.207501888e-01	1.685452007e-01	5.258573184e+00	1.387528113e+00	
8.020000000e+02	2.207789068e-01	1.685715804e-01	5.261019139e+00	1.388548327e+00	
8.018432000e+02	2.208065711e-01	1.685969650e-01	5.263368648e+00	1.389526886e+00	
8.016928000e+02	2.208328553e-01	1.686211138e-01	5.265615180e+00	1.390462554e+00	
8.015488000e+02	2.208572880e-01	1.686436787e-01	5.267749223e+00	1.391353441e+00	
8.014112000e+02	2.208791866e-01	1.686641555e-01	5.269756837e+00	1.392196689e+00	
8.012800000e+02	2.208975767e-01	1.686818214e-01	5.271617869e+00	1.392988035e+00	
8.011552000e+02	2.209110778e-01	1.686956551e-01	5.273303834e+00	1.393721405e+00	
8.010368000e+02	2.209178034e-01	1.687042595e-01	5.274775792e+00	1.394388480e+00	
8.009248000e+02	2.209152201e-01	1.687057638e-01	5.275981733e+00	1.394978116e+00	
8.008192000e+02	2.208999957e-01	1.686977098e-01	5.276853641e+00	1.395475817e+00	
8.007200000e+02	2.208679282e-01	1.686770065e-01	5.277306433e+00	1.395863516e+00	
8.006272000e+02	2.208138133e-01	1.686398368e-01	5.277235755e+00	1.396119259e+00	
8.005408000e+02	2.207314729e-01	1.685816830e-01	5.276518877e+00	1.396217384e+00	
8.004608000e+02	2.206138726e-01	1.684974148e-01	5.275016867e+00	1.396128887e+00	
8.003872000e+02	2.204533735e-01	1.683814679e-01	5.272578653e+00	1.395821935e+00	
8.003200000e+02	2.202422687e-01	1.682282166e-01	5.269049218e+00	1.395262814e+00	
8.002592000e+02	2.199735289e-01	1.680324853e-01	5.264280351e+00	1.394417069e+00	
8.002048000e+02	2.196418751e-01	1.677902997e-01	5.258149036e+00	1.393252776e+00	
8.001568000e+02	2.192450207e-01	1.674997652e-01	5.250580596e+00	1.391745800e+00	
8.001152000e+02	2.187847367e-01	1.671618586e-01	5.241573956e+00	1.389887298e+00	
8.000800000e+02	2.182667541e-01	1.667803682e-01	5.231201237e+00	1.387683609e+00	
8.000512000e+02	2.176967662e-01	1.663586973e-01	5.219487172e+00	1.385112738e+00	
8.000288000e+02	2.170677348e-01	1.658894657e-01	5.206016904e+00	1.381992189e+00	
8.000128000e+02	2.163339781e-01	1.653354476e-01	5.189469568e+00	1.377928476e+00	
8.000032000e+02	2.142945621e-01	1.637717405e-01	5.141055999e+00	1.365697165e+00	
8.000000000e+02	2.143050266e-01	1.637797379e-01	5.141325891e+00	1.365768861e+00	
#	AeroPlanets 1.01
#	Copyright G Gronoff 2009
#	Report bugs : guillaume.gronoff@gmail.com
#
#	Launched :Tue Dec 19 13:01:53 2017
# Planet:Anonymous
# Photoionization used
# Electron impact ionization used
# Electron impact ionization error: -0.13696% (>0 : gain)

