# Species production
# Productions in cm-3
# Altitude in km
1.600000000e+03	
1.596803200e+03	
1.593612800e+03	
1.590428800e+03	
1.587251200e+03	
1.584080000e+03	
1.580915200e+03	
1.577756800e+03	
1.574604800e+03	
1.571459200e+03	
1.568320000e+03	
1.565187200e+03	
1.562060800e+03	
1.558940800e+03	
1.555827200e+03	
1.552720000e+03	
1.549619200e+03	
1.546524800e+03	
1.543436800e+03	
1.540355200e+03	
1.537280000e+03	
1.534211200e+03	
1.531148800e+03	
1.528092800e+03	
1.525043200e+03	
1.522000000e+03	
1.518963200e+03	
1.515932800e+03	
1.512908800e+03	
1.509891200e+03	
1.506880000e+03	
1.503875200e+03	
1.500876800e+03	
1.497884800e+03	
1.494899200e+03	
1.491920000e+03	
1.488947200e+03	
1.485980800e+03	
1.483020800e+03	
1.480067200e+03	
1.477120000e+03	
1.474179200e+03	
1.471244800e+03	
1.468316800e+03	
1.465395200e+03	
1.462480000e+03	
1.459571200e+03	
1.456668800e+03	
1.453772800e+03	
1.450883200e+03	
1.448000000e+03	
1.445123200e+03	
1.442252800e+03	
1.439388800e+03	
1.436531200e+03	
1.433680000e+03	
1.430835200e+03	
1.427996800e+03	
1.425164800e+03	
1.422339200e+03	
1.419520000e+03	
1.416707200e+03	
1.413900800e+03	
1.411100800e+03	
1.408307200e+03	
1.405520000e+03	
1.402739200e+03	
1.399964800e+03	
1.397196800e+03	
1.394435200e+03	
1.391680000e+03	
1.388931200e+03	
1.386188800e+03	
1.383452800e+03	
1.380723200e+03	
1.378000000e+03	
1.375283200e+03	
1.372572800e+03	
1.369868800e+03	
1.367171200e+03	
1.364480000e+03	
1.361795200e+03	
1.359116800e+03	
1.356444800e+03	
1.353779200e+03	
1.351120000e+03	
1.348467200e+03	
1.345820800e+03	
1.343180800e+03	
1.340547200e+03	
1.337920000e+03	
1.335299200e+03	
1.332684800e+03	
1.330076800e+03	
1.327475200e+03	
1.324880000e+03	
1.322291200e+03	
1.319708800e+03	
1.317132800e+03	
1.314563200e+03	
1.312000000e+03	
1.309443200e+03	
1.306892800e+03	
1.304348800e+03	
1.301811200e+03	
1.299280000e+03	
1.296755200e+03	
1.294236800e+03	
1.291724800e+03	
1.289219200e+03	
1.286720000e+03	
1.284227200e+03	
1.281740800e+03	
1.279260800e+03	
1.276787200e+03	
1.274320000e+03	
1.271859200e+03	
1.269404800e+03	
1.266956800e+03	
1.264515200e+03	
1.262080000e+03	
1.259651200e+03	
1.257228800e+03	
1.254812800e+03	
1.252403200e+03	
1.250000000e+03	
1.247603200e+03	
1.245212800e+03	
1.242828800e+03	
1.240451200e+03	
1.238080000e+03	
1.235715200e+03	
1.233356800e+03	
1.231004800e+03	
1.228659200e+03	
1.226320000e+03	
1.223987200e+03	
1.221660800e+03	
1.219340800e+03	
1.217027200e+03	
1.214720000e+03	
1.212419200e+03	
1.210124800e+03	
1.207836800e+03	
1.205555200e+03	
1.203280000e+03	
1.201011200e+03	
1.198748800e+03	
1.196492800e+03	
1.194243200e+03	
1.192000000e+03	
1.189763200e+03	
1.187532800e+03	
1.185308800e+03	
1.183091200e+03	
1.180880000e+03	
1.178675200e+03	
1.176476800e+03	
1.174284800e+03	
1.172099200e+03	
1.169920000e+03	
1.167747200e+03	
1.165580800e+03	
1.163420800e+03	
1.161267200e+03	
1.159120000e+03	
1.156979200e+03	
1.154844800e+03	
1.152716800e+03	
1.150595200e+03	
1.148480000e+03	
1.146371200e+03	
1.144268800e+03	
1.142172800e+03	
1.140083200e+03	
1.138000000e+03	
1.135923200e+03	
1.133852800e+03	
1.131788800e+03	
1.129731200e+03	
1.127680000e+03	
1.125635200e+03	
1.123596800e+03	
1.121564800e+03	
1.119539200e+03	
1.117520000e+03	
1.115507200e+03	
1.113500800e+03	
1.111500800e+03	
1.109507200e+03	
1.107520000e+03	
1.105539200e+03	
1.103564800e+03	
1.101596800e+03	
1.099635200e+03	
1.097680000e+03	
1.095731200e+03	
1.093788800e+03	
1.091852800e+03	
1.089923200e+03	
1.088000000e+03	
1.086083200e+03	
1.084172800e+03	
1.082268800e+03	
1.080371200e+03	
1.078480000e+03	
1.076595200e+03	
1.074716800e+03	
1.072844800e+03	
1.070979200e+03	
1.069120000e+03	
1.067267200e+03	
1.065420800e+03	
1.063580800e+03	
1.061747200e+03	
1.059920000e+03	
1.058099200e+03	
1.056284800e+03	
1.054476800e+03	
1.052675200e+03	
1.050880000e+03	
1.049091200e+03	
1.047308800e+03	
1.045532800e+03	
1.043763200e+03	
1.042000000e+03	
1.040243200e+03	
1.038492800e+03	
1.036748800e+03	
1.035011200e+03	
1.033280000e+03	
1.031555200e+03	
1.029836800e+03	
1.028124800e+03	
1.026419200e+03	
1.024720000e+03	
1.023027200e+03	
1.021340800e+03	
1.019660800e+03	
1.017987200e+03	
1.016320000e+03	
1.014659200e+03	
1.013004800e+03	
1.011356800e+03	
1.009715200e+03	
1.008080000e+03	
1.006451200e+03	
1.004828800e+03	
1.003212800e+03	
1.001603200e+03	
1.000000000e+03	
9.984032000e+02	
9.968128000e+02	
9.952288000e+02	
9.936512000e+02	
9.920800000e+02	
9.905152000e+02	
9.889568000e+02	
9.874048000e+02	
9.858592000e+02	
9.843200000e+02	
9.827872000e+02	
9.812608000e+02	
9.797408000e+02	
9.782272000e+02	
9.767200000e+02	
9.752192000e+02	
9.737248000e+02	
9.722368000e+02	
9.707552000e+02	
9.692800000e+02	
9.678112000e+02	
9.663488000e+02	
9.648928000e+02	
9.634432000e+02	
9.620000000e+02	
9.605632000e+02	
9.591328000e+02	
9.577088000e+02	
9.562912000e+02	
9.548800000e+02	
9.534752000e+02	
9.520768000e+02	
9.506848000e+02	
9.492992000e+02	
9.479200000e+02	
9.465472000e+02	
9.451808000e+02	
9.438208000e+02	
9.424672000e+02	
9.411200000e+02	
9.397792000e+02	
9.384448000e+02	
9.371168000e+02	
9.357952000e+02	
9.344800000e+02	
9.331712000e+02	
9.318688000e+02	
9.305728000e+02	
9.292832000e+02	
9.280000000e+02	
9.267232000e+02	
9.254528000e+02	
9.241888000e+02	
9.229312000e+02	
9.216800000e+02	
9.204352000e+02	
9.191968000e+02	
9.179648000e+02	
9.167392000e+02	
9.155200000e+02	
9.143072000e+02	
9.131008000e+02	
9.119008000e+02	
9.107072000e+02	
9.095200000e+02	
9.083392000e+02	
9.071648000e+02	
9.059968000e+02	
9.048352000e+02	
9.036800000e+02	
9.025312000e+02	
9.013888000e+02	
9.002528000e+02	
8.991232000e+02	
8.980000000e+02	
8.968832000e+02	
8.957728000e+02	
8.946688000e+02	
8.935712000e+02	
8.924800000e+02	
8.913952000e+02	
8.903168000e+02	
8.892448000e+02	
8.881792000e+02	
8.871200000e+02	
8.860672000e+02	
8.850208000e+02	
8.839808000e+02	
8.829472000e+02	
8.819200000e+02	
8.808992000e+02	
8.798848000e+02	
8.788768000e+02	
8.778752000e+02	
8.768800000e+02	
8.758912000e+02	
8.749088000e+02	
8.739328000e+02	
8.729632000e+02	
8.720000000e+02	
8.710432000e+02	
8.700928000e+02	
8.691488000e+02	
8.682112000e+02	
8.672800000e+02	
8.663552000e+02	
8.654368000e+02	
8.645248000e+02	
8.636192000e+02	
8.627200000e+02	
8.618272000e+02	
8.609408000e+02	
8.600608000e+02	
8.591872000e+02	
8.583200000e+02	
8.574592000e+02	
8.566048000e+02	
8.557568000e+02	
8.549152000e+02	
8.540800000e+02	
8.532512000e+02	
8.524288000e+02	
8.516128000e+02	
8.508032000e+02	
8.500000000e+02	
8.492032000e+02	
8.484128000e+02	
8.476288000e+02	
8.468512000e+02	
8.460800000e+02	
8.453152000e+02	
8.445568000e+02	
8.438048000e+02	
8.430592000e+02	
8.423200000e+02	
8.415872000e+02	
8.408608000e+02	
8.401408000e+02	
8.394272000e+02	
8.387200000e+02	
8.380192000e+02	
8.373248000e+02	
8.366368000e+02	
8.359552000e+02	
8.352800000e+02	
8.346112000e+02	
8.339488000e+02	
8.332928000e+02	
8.326432000e+02	
8.320000000e+02	
8.313632000e+02	
8.307328000e+02	
8.301088000e+02	
8.294912000e+02	
8.288800000e+02	
8.282752000e+02	
8.276768000e+02	
8.270848000e+02	
8.264992000e+02	
8.259200000e+02	
8.253472000e+02	
8.247808000e+02	
8.242208000e+02	
8.236672000e+02	
8.231200000e+02	
8.225792000e+02	
8.220448000e+02	
8.215168000e+02	
8.209952000e+02	
8.204800000e+02	
8.199712000e+02	
8.194688000e+02	
8.189728000e+02	
8.184832000e+02	
8.180000000e+02	
8.175232000e+02	
8.170528000e+02	
8.165888000e+02	
8.161312000e+02	
8.156800000e+02	
8.152352000e+02	
8.147968000e+02	
8.143648000e+02	
8.139392000e+02	
8.135200000e+02	
8.131072000e+02	
8.127008000e+02	
8.123008000e+02	
8.119072000e+02	
8.115200000e+02	
8.111392000e+02	
8.107648000e+02	
8.103968000e+02	
8.100352000e+02	
8.096800000e+02	
8.093312000e+02	
8.089888000e+02	
8.086528000e+02	
8.083232000e+02	
8.080000000e+02	
8.076832000e+02	
8.073728000e+02	
8.070688000e+02	
8.067712000e+02	
8.064800000e+02	
8.061952000e+02	
8.059168000e+02	
8.056448000e+02	
8.053792000e+02	
8.051200000e+02	
8.048672000e+02	
8.046208000e+02	
8.043808000e+02	
8.041472000e+02	
8.039200000e+02	
8.036992000e+02	
8.034848000e+02	
8.032768000e+02	
8.030752000e+02	
8.028800000e+02	
8.026912000e+02	
8.025088000e+02	
8.023328000e+02	
8.021632000e+02	
8.020000000e+02	
8.018432000e+02	
8.016928000e+02	
8.015488000e+02	
8.014112000e+02	
8.012800000e+02	
8.011552000e+02	
8.010368000e+02	
8.009248000e+02	
8.008192000e+02	
8.007200000e+02	
8.006272000e+02	
8.005408000e+02	
8.004608000e+02	
8.003872000e+02	
8.003200000e+02	
8.002592000e+02	
8.002048000e+02	
8.001568000e+02	
8.001152000e+02	
8.000800000e+02	
8.000512000e+02	
8.000288000e+02	
8.000128000e+02	
8.000032000e+02	
8.000000000e+02	
#	AeroPlanets 1.01
#	Copyright G Gronoff 2009
#	Report bugs : guillaume.gronoff@gmail.com
#
#	Launched :Tue Dec 19 13:01:53 2017
# Planet:Anonymous
# Photoionization used
# Electron impact ionization used
# Electron impact ionization error: -0.13696% (>0 : gain)

