# Species production 
# Productions in cm-3
# Altitude in km
# CH4+(X)    
# CH3+(X)    
# N2+(X)    
# N+(X)    
1.600000000e+03	5.571863774e-02	1.735221175e-02	8.269814750e-02	2.585803301e-03	
1.596803200e+03	5.667970105e-02	1.768554141e-02	8.505309776e-02	2.661099796e-03	
1.593612800e+03	5.765362870e-02	1.802334454e-02	8.746866849e-02	2.738383646e-03	
1.590428800e+03	5.864060746e-02	1.836570253e-02	8.994628692e-02	2.817702268e-03	
1.587251200e+03	5.964890023e-02	1.871523581e-02	9.250934298e-02	2.899791792e-03	
1.584080000e+03	6.067218743e-02	1.907000137e-02	9.514212211e-02	2.984163678e-03	
1.580915200e+03	6.170944241e-02	1.942970652e-02	9.784287912e-02	3.070766409e-03	
1.577756800e+03	6.276784987e-02	1.979664969e-02	1.006326991e-01	3.160265434e-03	
1.574604800e+03	6.384378184e-02	2.016973065e-02	1.035029939e-01	3.252395486e-03	
1.571459200e+03	6.493467826e-02	2.054817778e-02	1.064477908e-01	3.346972753e-03	
1.568320000e+03	6.604635272e-02	2.093387041e-02	1.094850432e-01	3.444565805e-03	
1.565187200e+03	6.717857421e-02	2.132678344e-02	1.126157184e-01	3.545210023e-03	
1.562060800e+03	6.832684026e-02	2.172553198e-02	1.158281020e-01	3.648541318e-03	
1.558940800e+03	6.949515162e-02	2.213143053e-02	1.191353067e-01	3.754977272e-03	
1.555827200e+03	7.068754565e-02	2.254581664e-02	1.225510752e-01	3.864956579e-03	
1.552720000e+03	7.189714611e-02	2.296654883e-02	1.260564809e-01	3.977888059e-03	
1.549619200e+03	7.312565609e-02	2.339421582e-02	1.296581350e-01	4.093985412e-03	
1.546524800e+03	7.438231640e-02	2.383182874e-02	1.333865721e-01	4.214219055e-03	
1.543436800e+03	7.565742408e-02	2.427633785e-02	1.372133898e-01	4.337698629e-03	
1.540355200e+03	7.695127582e-02	2.472788555e-02	1.411409933e-01	4.464506004e-03	
1.537280000e+03	7.827521605e-02	2.519017408e-02	1.452074921e-01	4.595853728e-03	
1.534211200e+03	7.962034003e-02	2.566040193e-02	1.493865076e-01	4.730915129e-03	
1.531148800e+03	8.098554694e-02	2.613826630e-02	1.536761664e-01	4.869637968e-03	
1.528092800e+03	8.237939312e-02	2.662658634e-02	1.581067743e-01	5.012990503e-03	
1.525043200e+03	8.379927589e-02	2.712458671e-02	1.626721040e-01	5.160784612e-03	
1.522000000e+03	8.524065733e-02	2.763085756e-02	1.673589235e-01	5.312609316e-03	
1.518963200e+03	8.670864773e-02	2.814711244e-02	1.721868037e-01	5.469094783e-03	
1.515932800e+03	8.820832147e-02	2.867506582e-02	1.771759826e-01	5.630894351e-03	
1.512908800e+03	8.973098608e-02	2.921195819e-02	1.822985821e-01	5.797132884e-03	
1.509891200e+03	9.127752374e-02	2.975813222e-02	1.875597819e-01	5.967985034e-03	
1.506880000e+03	9.286220620e-02	3.031830847e-02	1.930133249e-01	6.145172671e-03	
1.503875200e+03	9.447144501e-02	3.088812452e-02	1.986133655e-01	6.327249445e-03	
1.500876800e+03	9.610560618e-02	3.146775664e-02	2.043635065e-01	6.514341582e-03	
1.497884800e+03	9.777630013e-02	3.206107208e-02	2.103097377e-01	6.707928189e-03	
1.494899200e+03	9.947776739e-02	3.266625760e-02	2.164338866e-01	6.907444617e-03	
1.491920000e+03	1.012058147e-01	3.328199950e-02	2.227228722e-01	7.112487440e-03	
1.488947200e+03	1.029667581e-01	3.391043740e-02	2.292037554e-01	7.323935207e-03	
1.485980800e+03	1.047662356e-01	3.455350244e-02	2.359020456e-01	7.542619683e-03	
1.483020800e+03	1.065940259e-01	3.520789574e-02	2.427813060e-01	7.767392962e-03	
1.480067200e+03	1.084505247e-01	3.587380609e-02	2.498459648e-01	7.998412470e-03	
1.477120000e+03	1.103537248e-01	3.655725824e-02	2.571723545e-01	8.238140223e-03	
1.474179200e+03	1.122874511e-01	3.725297554e-02	2.646990438e-01	8.484629029e-03	
1.471244800e+03	1.142517120e-01	3.796102025e-02	2.724292620e-01	8.738000365e-03	
1.468316800e+03	1.162579863e-01	3.868527389e-02	2.804140000e-01	8.999909662e-03	
1.465395200e+03	1.183043116e-01	3.942516403e-02	2.886498440e-01	9.270270021e-03	
1.462480000e+03	1.203830846e-01	4.017822671e-02	2.971090515e-01	9.548212458e-03	
1.459571200e+03	1.224976865e-01	4.094565173e-02	3.058100687e-01	9.834351165e-03	
1.456668800e+03	1.246630425e-01	4.173250584e-02	3.148234897e-01	1.013098115e-02	
1.453772800e+03	1.268628338e-01	4.253340845e-02	3.240820216e-01	1.043596371e-02	
1.450883200e+03	1.290975022e-01	4.334856662e-02	3.335916055e-01	1.074951390e-02	
1.448000000e+03	1.313825313e-01	4.418325122e-02	3.434270595e-01	1.107406934e-02	
1.445123200e+03	1.337105897e-01	4.503508204e-02	3.535608896e-01	1.140877371e-02	
1.442252800e+03	1.360756192e-01	4.590208682e-02	3.639701127e-01	1.175291375e-02	
1.439388800e+03	1.384830113e-01	4.678614692e-02	3.746845316e-01	1.210748029e-02	
1.436531200e+03	1.409469308e-01	4.769212938e-02	3.857767941e-01	1.247485369e-02	
1.433680000e+03	1.434500109e-01	4.861424209e-02	3.971710609e-01	1.285261639e-02	
1.430835200e+03	1.459927220e-01	4.955270209e-02	4.088745707e-01	1.324103386e-02	
1.427996800e+03	1.485931582e-01	5.051372459e-02	4.209809145e-01	1.364317214e-02	
1.425164800e+03	1.512422439e-01	5.149431304e-02	4.334532256e-01	1.405787635e-02	
1.422339200e+03	1.539332595e-01	5.249224743e-02	4.462645139e-01	1.448430835e-02	
1.419520000e+03	1.566710842e-01	5.350925194e-02	4.594456790e-01	1.492350825e-02	
1.416707200e+03	1.594737150e-01	5.455155549e-02	4.730977609e-01	1.537880115e-02	
1.413900800e+03	1.623206429e-01	5.561222916e-02	4.871212850e-01	1.584699975e-02	
1.411100800e+03	1.652123630e-01	5.669149746e-02	5.015250317e-01	1.632843076e-02	
1.408307200e+03	1.681666432e-01	5.779552694e-02	5.164095491e-01	1.682641368e-02	
1.405520000e+03	1.711787137e-01	5.892276686e-02	5.317587454e-01	1.734047645e-02	
1.402739200e+03	1.742380639e-01	6.006966785e-02	5.475243512e-01	1.786909511e-02	
1.399964800e+03	1.773455705e-01	6.123658377e-02	5.637181977e-01	1.841270389e-02	
1.397196800e+03	1.805310520e-01	6.243388875e-02	5.805163062e-01	1.897710857e-02	
1.394435200e+03	1.837663625e-01	6.365194076e-02	5.977702249e-01	1.955751923e-02	
1.391680000e+03	1.870520072e-01	6.489096197e-02	6.154905304e-01	2.015433626e-02	
1.388931200e+03	1.904010745e-01	6.615555038e-02	6.337604864e-01	2.077034531e-02	
1.386188800e+03	1.938220076e-01	6.744872030e-02	6.526397329e-01	2.140756912e-02	
1.383452800e+03	1.972959140e-01	6.876396822e-02	6.720291044e-01	2.206282418e-02	
1.380723200e+03	2.008232931e-01	7.010150850e-02	6.919402632e-01	2.273655705e-02	
1.378000000e+03	2.044298991e-01	7.147039257e-02	7.125394910e-01	2.343430415e-02	
1.375283200e+03	2.081011173e-01	7.286559128e-02	7.337505432e-01	2.415364027e-02	
1.372572800e+03	2.118284847e-01	7.428418761e-02	7.555318322e-01	2.489327256e-02	
1.369868800e+03	2.156142706e-01	7.572700912e-02	7.779074074e-01	2.565406882e-02	
1.367171200e+03	2.194927966e-01	7.720617255e-02	8.011060201e-01	2.644366133e-02	
1.364480000e+03	2.234301977e-01	7.870984039e-02	8.249274014e-01	2.725553753e-02	
1.361795200e+03	2.274269400e-01	8.023819699e-02	8.493853842e-01	2.809023945e-02	
1.359116800e+03	2.314964477e-01	8.179600699e-02	8.745786982e-01	2.895112426e-02	
1.356444800e+03	2.356534157e-01	8.338851808e-02	9.006185176e-01	2.984197846e-02	
1.353779200e+03	2.398724345e-01	8.500678440e-02	9.273525656e-01	3.075786606e-02	
1.351120000e+03	2.441539297e-01	8.665096065e-02	9.547959195e-01	3.169938727e-02	
1.348467200e+03	2.485228573e-01	8.832992547e-02	9.831351635e-01	3.267284873e-02	
1.345820800e+03	2.529741259e-01	9.004191334e-02	1.012352696e+00	3.367779377e-02	
1.343180800e+03	2.574905354e-01	9.178081528e-02	1.042343146e+00	3.471084079e-02	
1.340547200e+03	2.620724523e-01	9.354674461e-02	1.073122870e+00	3.577265253e-02	
1.337920000e+03	2.667562033e-01	9.535267670e-02	1.104965835e+00	3.687249711e-02	
1.335299200e+03	2.715169798e-01	9.718977012e-02	1.137715374e+00	3.800529967e-02	
1.332684800e+03	2.763458089e-01	9.905478827e-02	1.171323174e+00	3.916958609e-02	
1.330076800e+03	2.812429769e-01	1.009477903e-01	1.205806851e+00	4.036608480e-02	
1.327475200e+03	2.862562359e-01	1.028859063e-01	1.241546903e+00	4.160769685e-02	
1.324880000e+03	2.913414122e-01	1.048532613e-01	1.278230185e+00	4.288411143e-02	
1.322291200e+03	2.964972980e-01	1.068493530e-01	1.315864686e+00	4.419575577e-02	
1.319708800e+03	3.017299264e-01	1.088762844e-01	1.354515056e+00	4.554496765e-02	
1.317132800e+03	3.070805283e-01	1.109488923e-01	1.394527059e+00	4.694356803e-02	
1.314563200e+03	3.125040496e-01	1.130508574e-01	1.435570392e+00	4.838065000e-02	
1.312000000e+03	3.180005670e-01	1.151820976e-01	1.477664912e+00	4.985706831e-02	
1.309443200e+03	3.235822223e-01	1.173469004e-01	1.520929552e+00	5.137703317e-02	
1.306892800e+03	3.292814330e-01	1.195569344e-01	1.565655856e+00	5.295062185e-02	
1.304348800e+03	3.350554527e-01	1.217965725e-01	1.611518996e+00	5.456708900e-02	
1.301811200e+03	3.409041144e-01	1.240655673e-01	1.658539526e+00	5.622734080e-02	
1.299280000e+03	3.470095865e-01	1.264300858e-01	1.706730449e+00	5.793203558e-02	
1.296755200e+03	3.536614740e-01	1.289958280e-01	1.756100339e+00	5.968170328e-02	
1.294236800e+03	3.604074186e-01	1.315980839e-01	1.806710564e+00	6.147868975e-02	
1.291724800e+03	3.672449880e-01	1.342358374e-01	1.858613615e+00	6.332505139e-02	
1.289219200e+03	3.742092328e-01	1.369217524e-01	1.911877658e+00	6.522339323e-02	
1.286720000e+03	3.813392250e-01	1.396700054e-01	1.966650709e+00	6.717906997e-02	
1.284227200e+03	3.885768864e-01	1.424591954e-01	2.022777755e+00	6.918710396e-02	
1.281740800e+03	3.959324159e-01	1.452928693e-01	2.080320323e+00	7.124990986e-02	
1.279260800e+03	4.034093202e-01	1.481721136e-01	2.139204742e+00	7.336528332e-02	
1.276787200e+03	4.110370590e-01	1.511075531e-01	2.199408215e+00	7.553276136e-02	
1.274320000e+03	4.187673888e-01	1.540812641e-01	2.261163213e+00	7.776066924e-02	
1.271859200e+03	4.265995319e-01	1.570927206e-01	2.324739494e+00	8.005867583e-02	
1.269404800e+03	4.345713687e-01	1.601556012e-01	2.389757255e+00	8.241410412e-02	
1.266956800e+03	4.427645776e-01	1.632997784e-01	2.456155059e+00	8.482520335e-02	
1.264515200e+03	4.510691708e-01	1.664844984e-01	2.524151500e+00	8.729991537e-02	
1.262080000e+03	4.594975873e-01	1.697140870e-01	2.594042939e+00	8.984893942e-02	
1.259651200e+03	4.680344586e-01	1.729825681e-01	2.665475610e+00	9.246048954e-02	
1.257228800e+03	4.766843340e-01	1.762912970e-01	2.738291543e+00	9.512950796e-02	
1.254812800e+03	4.854531308e-01	1.796421412e-01	2.812765807e+00	9.786598677e-02	
1.252403200e+03	4.944744357e-01	1.830842488e-01	2.889531053e+00	1.006924736e-01	
1.250000000e+03	5.036068928e-01	1.865650085e-01	2.967974513e+00	1.035882022e-01	
1.247603200e+03	5.128728660e-01	1.900923495e-01	3.048089657e+00	1.065534631e-01	
1.245212800e+03	5.222496401e-01	1.936574938e-01	3.129920228e+00	1.095903212e-01	
1.242828800e+03	5.317918671e-01	1.972803377e-01	3.213560045e+00	1.127026260e-01	
1.240451200e+03	5.414509105e-01	2.009424756e-01	3.298962940e+00	1.158893501e-01	
1.238080000e+03	5.512969857e-01	2.046695863e-01	3.386268359e+00	1.191560071e-01	
1.235715200e+03	5.612738116e-01	2.084404133e-01	3.475401465e+00	1.225006141e-01	
1.233356800e+03	5.714121612e-01	2.122660003e-01	3.566756670e+00	1.259377676e-01	
1.231004800e+03	5.816853717e-01	2.161360392e-01	3.660143242e+00	1.294614876e-01	
1.228659200e+03	5.920989605e-01	2.200521508e-01	3.755507122e+00	1.330706029e-01	
1.226320000e+03	6.026462994e-01	2.240114318e-01	3.852843903e+00	1.367657116e-01	
1.223987200e+03	6.133627103e-01	2.280265610e-01	3.952169052e+00	1.405481410e-01	
1.221660800e+03	6.242672164e-01	2.321041684e-01	4.053525182e+00	1.444202204e-01	
1.219340800e+03	6.353149591e-01	2.362271375e-01	4.156973262e+00	1.483849788e-01	
1.217027200e+03	6.465501927e-01	2.404114650e-01	4.262761991e+00	1.524522114e-01	
1.214720000e+03	6.579037436e-01	2.446309571e-01	4.370550863e+00	1.566106940e-01	
1.212419200e+03	6.693911161e-01	2.488908904e-01	4.480397532e+00	1.608634211e-01	
1.210124800e+03	6.809924734e-01	2.531833850e-01	4.592259392e+00	1.652098234e-01	
1.207836800e+03	6.928499580e-01	2.575607653e-01	4.706481837e+00	1.696633504e-01	
1.205555200e+03	7.048316092e-01	2.619734726e-01	4.822769257e+00	1.742144412e-01	
1.203280000e+03	7.169780382e-01	2.664360868e-01	4.941280734e+00	1.788699360e-01	
1.201011200e+03	7.292556888e-01	2.709356098e-01	5.061913410e+00	1.836272574e-01	
1.198748800e+03	7.417225880e-01	2.754930533e-01	5.185048641e+00	1.885014464e-01	
1.196492800e+03	7.543658102e-01	2.801030407e-01	5.310631400e+00	1.934918181e-01	
1.194243200e+03	7.671409406e-01	2.847484954e-01	5.438271513e+00	1.985854558e-01	
1.192000000e+03	7.800640228e-01	2.894347923e-01	5.567916363e+00	2.037816971e-01	
1.189763200e+03	7.931175407e-01	2.941548511e-01	5.699734204e+00	2.090880107e-01	
1.187532800e+03	8.064325562e-01	2.989566540e-01	5.834292772e+00	2.145266885e-01	
1.185308800e+03	8.198616636e-01	3.037849146e-01	5.970969552e+00	2.200764010e-01	
1.183091200e+03	8.334692360e-01	3.086628578e-01	6.110115260e+00	2.257515943e-01	
1.180880000e+03	8.471996934e-01	3.135692401e-01	6.251436697e+00	2.315430441e-01	
1.178675200e+03	8.610937231e-01	3.185184490e-01	6.395133934e+00	2.374597815e-01	
1.176476800e+03	8.751331094e-01	3.235030408e-01	6.541118105e+00	2.435002162e-01	
1.174284800e+03	8.893274517e-01	3.285258366e-01	6.689339861e+00	2.496642486e-01	
1.172099200e+03	9.037268220e-01	3.336045743e-01	6.839941974e+00	2.559590158e-01	
1.169920000e+03	9.182385383e-01	3.387042752e-01	6.992634884e+00	2.623755468e-01	
1.167747200e+03	9.329958224e-01	3.438732919e-01	7.147749808e+00	2.689281751e-01	
1.165580800e+03	9.478587920e-01	3.490592688e-01	7.304910091e+00	2.756047407e-01	
1.163420800e+03	9.628970851e-01	3.542870603e-01	7.464983450e+00	2.824400912e-01	
1.161267200e+03	9.780638607e-01	3.595385131e-01	7.627412836e+00	2.894154582e-01	
1.159120000e+03	9.933885213e-01	3.648235037e-01	7.791487457e+00	2.965059800e-01	
1.156979200e+03	1.008896522e+00	3.701504896e-01	7.956994561e+00	3.037055322e-01	
1.154844800e+03	1.024523573e+00	3.754950504e-01	8.124594898e+00	3.110414496e-01	
1.152716800e+03	1.040536247e+00	3.809538586e-01	8.296595776e+00	3.186048380e-01	
1.150595200e+03	1.056645703e+00	3.864199517e-01	8.470501428e+00	3.263029502e-01	
1.148480000e+03	1.072775087e+00	3.918643173e-01	8.645279204e+00	3.340982671e-01	
1.146371200e+03	1.088962883e+00	3.973001830e-01	8.821440759e+00	3.420126822e-01	
1.144268800e+03	1.105217417e+00	4.027296715e-01	8.999619675e+00	3.500732297e-01	
1.142172800e+03	1.121519470e+00	4.081447248e-01	9.180045778e+00	3.582916221e-01	
1.140083200e+03	1.137893046e+00	4.135528190e-01	9.362089434e+00	3.666460344e-01	
1.138000000e+03	1.155058028e+00	4.192139492e-01	9.545601415e+00	3.751332749e-01	
1.135923200e+03	1.172333873e+00	4.248797272e-01	9.730592544e+00	3.837566499e-01	
1.133852800e+03	1.189581885e+00	4.304991250e-01	9.917997071e+00	3.925561572e-01	
1.131788800e+03	1.206813734e+00	4.360753961e-01	1.010759065e+01	4.015263530e-01	
1.129731200e+03	1.224131076e+00	4.416440604e-01	1.029858437e+01	4.106391540e-01	
1.127680000e+03	1.241667445e+00	4.472519303e-01	1.049135865e+01	4.199129179e-01	
1.125635200e+03	1.259258093e+00	4.528383305e-01	1.068530245e+01	4.293265352e-01	
1.123596800e+03	1.276978741e+00	4.584292231e-01	1.088182254e+01	4.389400751e-01	
1.121564800e+03	1.294780243e+00	4.640054459e-01	1.108005566e+01	4.487227015e-01	
1.119539200e+03	1.312631993e+00	4.695545499e-01	1.127884601e+01	4.586310845e-01	
1.117520000e+03	1.330558751e+00	4.750840454e-01	1.147713591e+01	4.686250957e-01	
1.115507200e+03	1.348511957e+00	4.805753963e-01	1.167612079e+01	4.787564153e-01	
1.113500800e+03	1.366765625e+00	4.861247413e-01	1.187750965e+01	4.890990330e-01	
1.111500800e+03	1.385133715e+00	4.916641248e-01	1.208004003e+01	4.996054443e-01	
1.109507200e+03	1.403493131e+00	4.971484535e-01	1.228322703e+01	5.102595435e-01	
1.107520000e+03	1.421790005e+00	5.025573203e-01	1.248745313e+01	5.210811367e-01	
1.105539200e+03	1.440082629e+00	5.079097509e-01	1.269187075e+01	5.320387560e-01	
1.103564800e+03	1.458788186e+00	5.133508867e-01	1.289610316e+01	5.431201629e-01	
1.101596800e+03	1.477644159e+00	5.187864340e-01	1.310016579e+01	5.543296510e-01	
1.099635200e+03	1.496505108e+00	5.241640440e-01	1.330458284e+01	5.656933618e-01	
1.097680000e+03	1.515430454e+00	5.295031080e-01	1.351115638e+01	5.772927562e-01	
1.095731200e+03	1.534326009e+00	5.347689454e-01	1.371730441e+01	5.890225690e-01	
1.093788800e+03	1.553202413e+00	5.399637661e-01	1.392234531e+01	6.008571588e-01	
1.091852800e+03	1.572044256e+00	5.450808124e-01	1.412632944e+01	6.128021116e-01	
1.089923200e+03	1.590843284e+00	5.501158068e-01	1.432942996e+01	6.248685120e-01	
1.088000000e+03	1.609864620e+00	5.551587242e-01	1.453157216e+01	6.370568769e-01	
1.086083200e+03	1.628819942e+00	5.601085539e-01	1.473252328e+01	6.493608428e-01	
1.084172800e+03	1.647784259e+00	5.649898485e-01	1.493334275e+01	6.618312728e-01	
1.082268800e+03	1.666776225e+00	5.698073237e-01	1.513427927e+01	6.744841758e-01	
1.080371200e+03	1.685677563e+00	5.745188088e-01	1.533358608e+01	6.872462902e-01	
1.078480000e+03	1.704812438e+00	5.792329586e-01	1.553188640e+01	7.001494473e-01	
1.076595200e+03	1.723925542e+00	5.838611404e-01	1.572842685e+01	7.131638812e-01	
1.074716800e+03	1.742924620e+00	5.883709191e-01	1.592275974e+01	7.262729305e-01	
1.072844800e+03	1.761788977e+00	5.927543224e-01	1.611429647e+01	7.394528993e-01	
1.070979200e+03	1.780523796e+00	5.970121779e-01	1.630337793e+01	7.527223717e-01	
1.069120000e+03	1.799217003e+00	6.011728271e-01	1.649060464e+01	7.661125636e-01	
1.067267200e+03	1.817871993e+00	6.052359841e-01	1.667590662e+01	7.796241948e-01	
1.065420800e+03	1.836371595e+00	6.091613454e-01	1.685825809e+01	7.932128540e-01	
1.063580800e+03	1.855005761e+00	6.130436747e-01	1.703870390e+01	8.069310501e-01	
1.061747200e+03	1.873558701e+00	6.168100326e-01	1.721622833e+01	8.207344869e-01	
1.059920000e+03	1.891944086e+00	6.204311029e-01	1.739036460e+01	8.346037778e-01	
1.058099200e+03	1.910386743e+00	6.239795354e-01	1.756223623e+01	8.485959163e-01	
1.056284800e+03	1.928634951e+00	6.273719417e-01	1.773033097e+01	8.626411569e-01	
1.054476800e+03	1.946719042e+00	6.306176777e-01	1.789481774e+01	8.767499005e-01	
1.052675200e+03	1.964688060e+00	6.337319072e-01	1.805602219e+01	8.909405921e-01	
1.050880000e+03	1.982436138e+00	6.366797719e-01	1.821296405e+01	9.051671261e-01	
1.049091200e+03	2.000100566e+00	6.395047789e-01	1.836589604e+01	9.194435842e-01	
1.047308800e+03	2.017669996e+00	6.422025267e-01	1.851465138e+01	9.337633271e-01	
1.045532800e+03	2.034994792e+00	6.447251196e-01	1.865868015e+01	9.480998609e-01	
1.043763200e+03	2.052177050e+00	6.471048147e-01	1.879911715e+01	9.625121461e-01	
1.042000000e+03	2.069145668e+00	6.493187740e-01	1.893508711e+01	9.769571879e-01	
1.040243200e+03	2.085843963e+00	6.513490700e-01	1.906588983e+01	9.913993340e-01	
1.038492800e+03	2.102506470e+00	6.532687033e-01	1.919123646e+01	1.005823111e+00	
1.036748800e+03	2.118924096e+00	6.550127090e-01	1.931112477e+01	1.020227618e+00	
1.035011200e+03	2.135050440e+00	6.565674940e-01	1.942546037e+01	1.034606866e+00	
1.033280000e+03	2.151251041e+00	6.580454188e-01	1.953726752e+01	1.049122628e+00	
1.031555200e+03	2.167148180e+00	6.593303265e-01	1.964328368e+01	1.063601487e+00	
1.029836800e+03	2.182752698e+00	6.604262892e-01	1.974334629e+01	1.078032585e+00	
1.028124800e+03	2.198238151e+00	6.613864008e-01	1.983709854e+01	1.092393791e+00	
1.026419200e+03	2.213397793e+00	6.621493923e-01	1.992473374e+01	1.106692637e+00	
1.024720000e+03	2.228274137e+00	6.627293862e-01	2.000638388e+01	1.120933397e+00	
1.023027200e+03	2.243060879e+00	6.631848460e-01	2.008284494e+01	1.135158111e+00	
1.021340800e+03	2.257504079e+00	6.634417066e-01	2.015294111e+01	1.149297671e+00	
1.019660800e+03	2.271628047e+00	6.635090583e-01	2.021710039e+01	1.163372466e+00	
1.017987200e+03	2.285515165e+00	6.634124422e-01	2.027669558e+01	1.177458720e+00	
1.016320000e+03	2.299040138e+00	6.631166313e-01	2.032971780e+01	1.191436965e+00	
1.014659200e+03	2.312278960e+00	6.626451291e-01	2.037615377e+01	1.205300647e+00	
1.013004800e+03	2.325463381e+00	6.620655503e-01	2.041607545e+01	1.219048020e+00	
1.011356800e+03	2.338271485e+00	6.612880442e-01	2.044930786e+01	1.232662299e+00	
1.009715200e+03	2.350739292e+00	6.603255954e-01	2.047602672e+01	1.246147169e+00	
1.008080000e+03	2.363012939e+00	6.592214759e-01	2.049691854e+01	1.259537951e+00	
1.006451200e+03	2.374899042e+00	6.579241316e-01	2.051108918e+01	1.272773069e+00	
1.004828800e+03	2.386403268e+00	6.564384376e-01	2.051881101e+01	1.285861302e+00	
1.003212800e+03	2.397585728e+00	6.547838128e-01	2.052199675e+01	1.298916050e+00	
1.001603200e+03	2.408368954e+00	6.529413734e-01	2.051846190e+01	1.311793107e+00	
1.000000000e+03	2.418748980e+00	6.509127909e-01	2.050822610e+01	1.324483857e+00	
9.984032000e+02	2.429167534e+00	6.488189121e-01	2.049150109e+01	1.336991997e+00	
9.968128000e+02	2.439178452e+00	6.465430786e-01	2.046815711e+01	1.349298844e+00	
9.952288000e+02	2.448780658e+00	6.440890368e-01	2.043826153e+01	1.361397819e+00	
9.936512000e+02	2.458325124e+00	6.415519232e-01	2.040351142e+01	1.373392334e+00	
9.920800000e+02	2.467516468e+00	6.388571256e-01	2.036258233e+01	1.385184606e+00	
9.905152000e+02	2.476294112e+00	6.359929578e-01	2.031527992e+01	1.396749724e+00	
9.889568000e+02	2.484711210e+00	6.329771034e-01	2.026200246e+01	1.408102860e+00	
9.874048000e+02	2.492739941e+00	6.298063851e-01	2.020268509e+01	1.419227311e+00	
9.858592000e+02	2.500353595e+00	6.264781816e-01	2.013727988e+01	1.430106712e+00	
9.843200000e+02	2.507710426e+00	6.230359415e-01	2.006686409e+01	1.440805078e+00	
9.827872000e+02	2.514850613e+00	6.194926263e-01	1.999176666e+01	1.451335510e+00	
9.812608000e+02	2.521573364e+00	6.158022645e-01	1.991086016e+01	1.461604295e+00	
9.797408000e+02	2.527909348e+00	6.119765267e-01	1.982410183e+01	1.471593542e+00	
9.782272000e+02	2.533976132e+00	6.080479428e-01	1.973098578e+01	1.481249567e+00	
9.767200000e+02	2.539630093e+00	6.039868179e-01	1.963251352e+01	1.490630799e+00	
9.752192000e+02	2.544874189e+00	5.997990170e-01	1.952884853e+01	1.499734527e+00	
9.737248000e+02	2.550039445e+00	5.955663001e-01	1.942385289e+01	1.508846875e+00	
9.722368000e+02	2.554848927e+00	5.912261416e-01	1.931445956e+01	1.517723071e+00	
9.707552000e+02	2.559246307e+00	5.867692195e-01	1.920016206e+01	1.526308799e+00	
9.692800000e+02	2.563329080e+00	5.822217991e-01	1.907988688e+01	1.534500963e+00	
9.678112000e+02	2.567105783e+00	5.775904818e-01	1.895381187e+01	1.542293050e+00	
9.663488000e+02	2.570481661e+00	5.728594586e-01	1.882345625e+01	1.549789507e+00	
9.648928000e+02	2.573487501e+00	5.680409298e-01	1.868933683e+01	1.557017237e+00	
9.634432000e+02	2.576426109e+00	5.632053285e-01	1.855528907e+01	1.564286292e+00	
9.620000000e+02	2.578966974e+00	5.582824719e-01	1.841732452e+01	1.571254132e+00	
9.605632000e+02	2.581112639e+00	5.532769333e-01	1.827561486e+01	1.577918796e+00	
9.591328000e+02	2.582966230e+00	5.482147562e-01	1.812936195e+01	1.584193413e+00	
9.577088000e+02	2.584497416e+00	5.430941078e-01	1.797915279e+01	1.590109253e+00	
9.562912000e+02	2.585647113e+00	5.379076226e-01	1.782584406e+01	1.595724157e+00	
9.548800000e+02	2.586452606e+00	5.326679262e-01	1.766994336e+01	1.601067842e+00	
9.534752000e+02	2.587227075e+00	5.274426975e-01	1.751456176e+01	1.606412430e+00	
9.520768000e+02	2.587625414e+00	5.221636522e-01	1.735648480e+01	1.611456110e+00	
9.506848000e+02	2.587651434e+00	5.168354092e-01	1.719589328e+01	1.616199482e+00	
9.492992000e+02	2.587400293e+00	5.114806032e-01	1.703226626e+01	1.620576452e+00	
9.479200000e+02	2.586874703e+00	5.061038461e-01	1.686585675e+01	1.624592062e+00	
9.465472000e+02	2.585992093e+00	5.006936019e-01	1.669757661e+01	1.628316622e+00	
9.451808000e+02	2.584758474e+00	4.952555300e-01	1.652762451e+01	1.631754371e+00	
9.438208000e+02	2.583399243e+00	4.898362492e-01	1.635837257e+01	1.635128548e+00	
9.424672000e+02	2.581726871e+00	4.844024343e-01	1.618803128e+01	1.638252970e+00	
9.411200000e+02	2.579711784e+00	4.789519233e-01	1.601643169e+01	1.641096836e+00	
9.397792000e+02	2.577396249e+00	4.734959810e-01	1.584386405e+01	1.643675662e+00	
9.384448000e+02	2.574935416e+00	4.680659539e-01	1.567095145e+01	1.646041504e+00	
9.371168000e+02	2.572143459e+00	4.626309962e-01	1.549727015e+01	1.648137760e+00	
9.357952000e+02	2.569025611e+00	4.571953683e-01	1.532298987e+01	1.649968820e+00	
9.344800000e+02	2.565715410e+00	4.517854091e-01	1.514800484e+01	1.651509712e+00	
9.331712000e+02	2.562283909e+00	4.464162276e-01	1.497236117e+01	1.652750962e+00	
9.318688000e+02	2.558539420e+00	4.410578028e-01	1.479665098e+01	1.653744067e+00	
9.305728000e+02	2.554488125e+00	4.357146819e-01	1.462104233e+01	1.654495926e+00	
9.292832000e+02	2.550245594e+00	4.304093723e-01	1.444663866e+01	1.655121907e+00	
9.280000000e+02	2.545791088e+00	4.251402732e-01	1.427332999e+01	1.655603334e+00	
9.267232000e+02	2.541039846e+00	4.198953224e-01	1.410047221e+01	1.655857364e+00	
9.254528000e+02	2.535997015e+00	4.146778679e-01	1.392820455e+01	1.655889881e+00	
9.241888000e+02	2.530762289e+00	4.095063419e-01	1.375681272e+01	1.655725286e+00	
9.229312000e+02	2.525296971e+00	4.043765290e-01	1.358635182e+01	1.655361429e+00	
9.216800000e+02	2.519552976e+00	3.992829510e-01	1.341686317e+01	1.654794660e+00	
9.204352000e+02	2.513535477e+00	3.942285608e-01	1.324846954e+01	1.654031758e+00	
9.191968000e+02	2.507535960e+00	3.892609184e-01	1.308313785e+01	1.653317710e+00	
9.179648000e+02	2.501418003e+00	3.843588028e-01	1.292000167e+01	1.652543378e+00	
9.167392000e+02	2.495028143e+00	3.794996392e-01	1.275812939e+01	1.651583970e+00	
9.155200000e+02	2.488371621e+00	3.746860773e-01	1.259762908e+01	1.650446006e+00	
9.143072000e+02	2.481603433e+00	3.699423433e-01	1.243875700e+01	1.649154009e+00	
9.131008000e+02	2.474687476e+00	3.652641772e-01	1.228156033e+01	1.647709831e+00	
9.119008000e+02	2.467514862e+00	3.606371222e-01	1.212601088e+01	1.646106663e+00	
9.107072000e+02	2.460089708e+00	3.560627048e-01	1.197218573e+01	1.644350422e+00	
9.095200000e+02	2.452612014e+00	3.515705200e-01	1.182019417e+01	1.642454113e+00	
9.083392000e+02	2.445172449e+00	3.471740260e-01	1.167012495e+01	1.640427670e+00	
9.071648000e+02	2.437483711e+00	3.428330751e-01	1.152199400e+01	1.638267463e+00	
9.059968000e+02	2.429551324e+00	3.385499423e-01	1.137588069e+01	1.635982025e+00	
9.048352000e+02	2.421416841e+00	3.343313976e-01	1.123220371e+01	1.633631354e+00	
9.036800000e+02	2.413267250e+00	3.302040235e-01	1.109275169e+01	1.631483766e+00	
9.025312000e+02	2.404876636e+00	3.261354302e-01	1.095533884e+01	1.629221901e+00	
9.013888000e+02	2.396249393e+00	3.221266666e-01	1.082001222e+01	1.626851724e+00	
9.002528000e+02	2.387390114e+00	3.181788264e-01	1.068681697e+01	1.624379432e+00	
8.991232000e+02	2.378393259e+00	3.143038925e-01	1.055563167e+01	1.621783612e+00	
8.980000000e+02	2.369197721e+00	3.104945175e-01	1.042661646e+01	1.619091182e+00	
8.968832000e+02	2.359781588e+00	3.067480763e-01	1.029984801e+01	1.616316646e+00	
8.957728000e+02	2.350148935e+00	3.030649430e-01	1.017534799e+01	1.613465887e+00	
8.946688000e+02	2.340474637e+00	2.994673366e-01	1.005372845e+01	1.610641696e+00	
8.935712000e+02	2.330981443e+00	2.959830331e-01	9.935744166e+00	1.607975558e+00	
8.924800000e+02	2.321266323e+00	2.925592675e-01	9.819960905e+00	1.605241842e+00	
8.913952000e+02	2.311334097e+00	2.891966458e-01	9.706397769e+00	1.602447150e+00	
8.903168000e+02	2.301189226e+00	2.858954148e-01	9.595064610e+00	1.599597378e+00	
8.892448000e+02	2.290881399e+00	2.826612614e-01	9.486190844e+00	1.596736144e+00	
8.881792000e+02	2.280386882e+00	2.794905427e-01	9.379632755e+00	1.593845789e+00	
8.871200000e+02	2.269690711e+00	2.763807947e-01	9.275291199e+00	1.590915478e+00	
8.860672000e+02	2.258797194e+00	2.733317699e-01	9.173159137e+00	1.587950263e+00	
8.850208000e+02	2.247710511e+00	2.703430134e-01	9.073222721e+00	1.584954426e+00	
8.839808000e+02	2.236859691e+00	2.674648309e-01	8.976345988e+00	1.582088184e+00	
8.829472000e+02	2.225820234e+00	2.646452780e-01	8.881610871e+00	1.579200237e+00	
8.819200000e+02	2.214588236e+00	2.618831976e-01	8.788990120e+00	1.576293147e+00	
8.808992000e+02	2.203168352e+00	2.591781915e-01	8.698467229e+00	1.573371816e+00	
8.798848000e+02	2.191589118e+00	2.565325667e-01	8.610107807e+00	1.570456905e+00	
8.788768000e+02	2.180015798e+00	2.539652160e-01	8.524473972e+00	1.567663258e+00	
8.778752000e+02	2.168260740e+00	2.514521029e-01	8.440833466e+00	1.564864735e+00	
8.768800000e+02	2.156329149e+00	2.489928790e-01	8.359167299e+00	1.562066132e+00	
8.758912000e+02	2.144226011e+00	2.465869607e-01	8.279451007e+00	1.559271670e+00	
8.749088000e+02	2.131980857e+00	2.442364826e-01	8.201720096e+00	1.556497133e+00	
8.739328000e+02	2.119810355e+00	2.419648736e-01	8.126487780e+00	1.553850657e+00	
8.729632000e+02	2.107474541e+00	2.397434095e-01	8.053090736e+00	1.551216640e+00	
8.720000000e+02	2.094978836e+00	2.375715302e-01	7.981503275e+00	1.548599175e+00	
8.710432000e+02	2.082328605e+00	2.354485703e-01	7.911697024e+00	1.546001984e+00	
8.700928000e+02	2.069529206e+00	2.333737902e-01	7.843641548e+00	1.543428403e+00	
8.691488000e+02	2.056827212e+00	2.313735801e-01	7.778015748e+00	1.541022779e+00	
8.682112000e+02	2.044004173e+00	2.294219346e-01	7.714124071e+00	1.538659026e+00	
8.672800000e+02	2.031039017e+00	2.275152503e-01	7.651860264e+00	1.536325133e+00	
8.663552000e+02	2.017937493e+00	2.256528357e-01	7.591195049e+00	1.534024260e+00	
8.654368000e+02	2.004705333e+00	2.238339362e-01	7.532097767e+00	1.531759314e+00	
8.645248000e+02	1.991395089e+00	2.220636005e-01	7.474809714e+00	1.529589736e+00	
8.636192000e+02	1.978005968e+00	2.203402868e-01	7.419264169e+00	1.527511820e+00	
8.627200000e+02	1.964499684e+00	2.186578736e-01	7.365177066e+00	1.525475441e+00	
8.618272000e+02	1.950882380e+00	2.170157233e-01	7.312520727e+00	1.523483188e+00	
8.609408000e+02	1.937160198e+00	2.154131773e-01	7.261267308e+00	1.521537466e+00	
8.600608000e+02	1.923339259e+00	2.138495322e-01	7.211387686e+00	1.519640236e+00	
8.591872000e+02	1.909782311e+00	2.123627868e-01	7.163752825e+00	1.517983227e+00	
8.583200000e+02	1.896151981e+00	2.109151745e-01	7.117467772e+00	1.516388537e+00	
8.574592000e+02	1.882427341e+00	2.095031283e-01	7.072438379e+00	1.514843971e+00	
8.566048000e+02	1.868614844e+00	2.081260804e-01	7.028640551e+00	1.513351606e+00	
8.557568000e+02	1.854720850e+00	2.067833901e-01	6.986048733e+00	1.511913098e+00	
8.549152000e+02	1.840758124e+00	2.054752217e-01	6.944659019e+00	1.510534755e+00	
8.540800000e+02	1.826782832e+00	2.042074352e-01	6.904619757e+00	1.509257047e+00	
8.532512000e+02	1.812742167e+00	2.029719150e-01	6.865705408e+00	1.508036353e+00	
8.524288000e+02	1.798642759e+00	2.017682160e-01	6.827895990e+00	1.506874391e+00	
8.516128000e+02	1.784491073e+00	2.005957967e-01	6.791169518e+00	1.505772330e+00	
8.508032000e+02	1.770293540e+00	1.994541152e-01	6.755504276e+00	1.504731217e+00	
8.500000000e+02	1.756056486e+00	1.983425778e-01	6.720877435e+00	1.503751699e+00	
8.492032000e+02	1.742038080e+00	1.972892284e-01	6.688059166e+00	1.503012798e+00	
8.484128000e+02	1.727982187e+00	1.962640575e-01	6.656210574e+00	1.502333121e+00	
8.476288000e+02	1.713895347e+00	1.952666440e-01	6.625314397e+00	1.501713686e+00	
8.468512000e+02	1.699783972e+00	1.942965156e-01	6.595352147e+00	1.501155072e+00	
8.460800000e+02	1.685654409e+00	1.933531985e-01	6.566305655e+00	1.500657777e+00	
8.453152000e+02	1.671512888e+00	1.924361850e-01	6.538155808e+00	1.500221854e+00	
8.445568000e+02	1.657474477e+00	1.915576192e-01	6.511214146e+00	1.499923536e+00	
8.438048000e+02	1.643507873e+00	1.907129113e-01	6.485354589e+00	1.499738925e+00	
8.430592000e+02	1.629539846e+00	1.898925394e-01	6.460322753e+00	1.499613543e+00	
8.423200000e+02	1.615576555e+00	1.890960961e-01	6.436103163e+00	1.499547495e+00	
8.415872000e+02	1.601624055e+00	1.883231694e-01	6.412680257e+00	1.499540688e+00	
8.408608000e+02	1.587688217e+00	1.875732868e-01	6.390037352e+00	1.499592737e+00	
8.401408000e+02	1.573774791e+00	1.868459582e-01	6.368157098e+00	1.499702925e+00	
8.394272000e+02	1.559982062e+00	1.861527173e-01	6.347297893e+00	1.499936418e+00	
8.387200000e+02	1.546241060e+00	1.854837734e-01	6.327229009e+00	1.500241753e+00	
8.380192000e+02	1.532534120e+00	1.848358264e-01	6.307869526e+00	1.500602480e+00	
8.373248000e+02	1.518866825e+00	1.842085219e-01	6.289206223e+00	1.501018175e+00	
8.366368000e+02	1.505244580e+00	1.836014656e-01	6.271224924e+00	1.501488121e+00	
8.359552000e+02	1.491672663e+00	1.830142629e-01	6.253911635e+00	1.502011583e+00	
8.352800000e+02	1.478156221e+00	1.824465179e-01	6.237252329e+00	1.502587660e+00	
8.346112000e+02	1.464777408e+00	1.819074406e-01	6.221553075e+00	1.503292916e+00	
8.339488000e+02	1.451514934e+00	1.813936040e-01	6.206699148e+00	1.504102697e+00	
8.332928000e+02	1.438316584e+00	1.808975963e-01	6.192442908e+00	1.504959609e+00	
8.326432000e+02	1.425187109e+00	1.804190317e-01	6.178771136e+00	1.505862594e+00	
8.320000000e+02	1.412131149e+00	1.799575452e-01	6.165670976e+00	1.506810529e+00	
8.313632000e+02	1.399153185e+00	1.795127569e-01	6.153129252e+00	1.507802193e+00	
8.307328000e+02	1.386257522e+00	1.790842669e-01	6.141132357e+00	1.508836228e+00	
8.301088000e+02	1.373448269e+00	1.786716339e-01	6.129665430e+00	1.509910902e+00	
8.294912000e+02	1.360862858e+00	1.782920513e-01	6.119089650e+00	1.511117369e+00	
8.288800000e+02	1.348393802e+00	1.779309164e-01	6.109087802e+00	1.512379724e+00	
8.282752000e+02	1.336015870e+00	1.775841336e-01	6.099567849e+00	1.513676947e+00	
8.276768000e+02	1.323732911e+00	1.772513735e-01	6.090518294e+00	1.515007862e+00	
8.270848000e+02	1.311548622e+00	1.769323045e-01	6.081927392e+00	1.516371123e+00	
8.264992000e+02	1.299466506e+00	1.766265624e-01	6.073782682e+00	1.517765257e+00	
8.259200000e+02	1.287489922e+00	1.763337864e-01	6.066071639e+00	1.519188682e+00	
8.253472000e+02	1.275622062e+00	1.760536000e-01	6.058781411e+00	1.520639750e+00	
8.247808000e+02	1.263889917e+00	1.757889760e-01	6.051933229e+00	1.522125356e+00	
8.242208000e+02	1.252308617e+00	1.755414182e-01	6.045534031e+00	1.523648776e+00	
8.236672000e+02	1.240842211e+00	1.753052625e-01	6.039517351e+00	1.525194771e+00	
8.231200000e+02	1.229493465e+00	1.750802023e-01	6.033872476e+00	1.526762080e+00	
8.225792000e+02	1.218264999e+00	1.748659229e-01	6.028588155e+00	1.528349238e+00	
8.220448000e+02	1.207159258e+00	1.746620896e-01	6.023652708e+00	1.529954651e+00	
8.215168000e+02	1.196178559e+00	1.744683754e-01	6.019054737e+00	1.531576843e+00	
8.209952000e+02	1.185325109e+00	1.742844760e-01	6.014783353e+00	1.533214338e+00	
8.204800000e+02	1.174600963e+00	1.741100768e-01	6.010827507e+00	1.534865661e+00	
8.199712000e+02	1.164012416e+00	1.739455679e-01	6.007213995e+00	1.536538972e+00	
8.194688000e+02	1.153626820e+00	1.738005594e-01	6.004488596e+00	1.538375636e+00	
8.189728000e+02	1.143372310e+00	1.736638619e-01	6.002033572e+00	1.540219204e+00	
8.184832000e+02	1.133250485e+00	1.735351229e-01	5.999836855e+00	1.542067834e+00	
8.180000000e+02	1.123262877e+00	1.734140391e-01	5.997887859e+00	1.543920034e+00	
8.175232000e+02	1.113410916e+00	1.733003220e-01	5.996176406e+00	1.545774337e+00	
8.170528000e+02	1.103695914e+00	1.731936884e-01	5.994692460e+00	1.547629362e+00	
8.165888000e+02	1.094119079e+00	1.730938658e-01	5.993426383e+00	1.549483761e+00	
8.161312000e+02	1.084681499e+00	1.730005789e-01	5.992368361e+00	1.551336157e+00	
8.156800000e+02	1.075384190e+00	1.729135826e-01	5.991509537e+00	1.553185344e+00	
8.152352000e+02	1.066228008e+00	1.728325981e-01	5.990840141e+00	1.555029968e+00	
8.147968000e+02	1.057251724e+00	1.727640378e-01	5.990650072e+00	1.556946656e+00	
8.143648000e+02	1.048459162e+00	1.727084390e-01	5.990966339e+00	1.558943911e+00	
8.139392000e+02	1.039805938e+00	1.726577753e-01	5.991431868e+00	1.560929966e+00	
8.135200000e+02	1.031292716e+00	1.726118227e-01	5.992038495e+00	1.562903680e+00	
8.131072000e+02	1.022920051e+00	1.725703512e-01	5.992777949e+00	1.564863898e+00	
8.127008000e+02	1.014688439e+00	1.725331541e-01	5.993642571e+00	1.566809571e+00	
8.123008000e+02	1.006598265e+00	1.725000142e-01	5.994624553e+00	1.568739644e+00	
8.119072000e+02	9.986498352e-01	1.724707161e-01	5.995716138e+00	1.570653085e+00	
8.115200000e+02	9.908433904e-01	1.724450618e-01	5.996910017e+00	1.572548877e+00	
8.111392000e+02	9.831791045e-01	1.724228616e-01	5.998199185e+00	1.574426110e+00	
8.107648000e+02	9.756570337e-01	1.724038966e-01	5.999575870e+00	1.576283702e+00	
8.103968000e+02	9.682771866e-01	1.723879673e-01	6.001032819e+00	1.578120634e+00	
8.100352000e+02	9.610394181e-01	1.723748075e-01	6.002560744e+00	1.579935406e+00	
8.096800000e+02	9.539902475e-01	1.723727483e-01	6.004060961e+00	1.581702794e+00	
8.093312000e+02	9.470860144e-01	1.723738876e-01	6.005611358e+00	1.583444187e+00	
8.089888000e+02	9.403215002e-01	1.723772239e-01	6.007219017e+00	1.585162238e+00	
8.086528000e+02	9.336965559e-01	1.723826255e-01	6.008878754e+00	1.586856382e+00	
8.083232000e+02	9.272109629e-01	1.723899524e-01	6.010585250e+00	1.588526001e+00	
8.080000000e+02	9.208644653e-01	1.723990734e-01	6.012333413e+00	1.590170527e+00	
8.076832000e+02	9.146567273e-01	1.724098380e-01	6.014117627e+00	1.591789228e+00	
8.073728000e+02	9.085873962e-01	1.724221156e-01	6.015932994e+00	1.593381606e+00	
8.070688000e+02	9.026560665e-01	1.724357704e-01	6.017774339e+00	1.594946989e+00	
8.067712000e+02	8.968623076e-01	1.724506783e-01	6.019637015e+00	1.596484891e+00	
8.064800000e+02	8.912056548e-01	1.724667170e-01	6.021516319e+00	1.597994754e+00	
8.061952000e+02	8.856856178e-01	1.724837725e-01	6.023407874e+00	1.599476085e+00	
8.059168000e+02	8.803016752e-01	1.725017309e-01	6.025307395e+00	1.600928445e+00	
8.056448000e+02	8.750532797e-01	1.725204820e-01	6.027210700e+00	1.602351368e+00	
8.053792000e+02	8.699398694e-01	1.725399233e-01	6.029113798e+00	1.603744415e+00	
8.051200000e+02	8.649608602e-01	1.725599548e-01	6.031012895e+00	1.605107198e+00	
8.048672000e+02	8.601325369e-01	1.725838851e-01	6.033014863e+00	1.606468793e+00	
8.046208000e+02	8.554514603e-01	1.726111416e-01	6.035100537e+00	1.607824705e+00	
8.043808000e+02	8.509015466e-01	1.726385310e-01	6.037165710e+00	1.609147806e+00	
8.041472000e+02	8.464822438e-01	1.726659941e-01	6.039207884e+00	1.610437933e+00	
8.039200000e+02	8.421929690e-01	1.726934586e-01	6.041224168e+00	1.611694845e+00	
8.036992000e+02	8.380331269e-01	1.727208518e-01	6.043211747e+00	1.612918318e+00	
8.034848000e+02	8.340021255e-01	1.727481115e-01	6.045168116e+00	1.614108157e+00	
8.032768000e+02	8.300993744e-01	1.727751815e-01	6.047091044e+00	1.615264268e+00	
8.030752000e+02	8.263242745e-01	1.728020028e-01	6.048978104e+00	1.616386444e+00	
8.028800000e+02	8.226762312e-01	1.728285234e-01	6.050827276e+00	1.617474623e+00	
8.026912000e+02	8.191546426e-01	1.728546866e-01	6.052636333e+00	1.618528639e+00	
8.025088000e+02	8.157589111e-01	1.728804379e-01	6.054403157e+00	1.619548366e+00	
8.023328000e+02	8.124884114e-01	1.729057027e-01	6.056125136e+00	1.620533556e+00	
8.021632000e+02	8.093425074e-01	1.729303929e-01	6.057799253e+00	1.621483844e+00	
8.020000000e+02	8.063205295e-01	1.729543940e-01	6.059421816e+00	1.622398718e+00	
8.018432000e+02	8.034217456e-01	1.729775382e-01	6.060987589e+00	1.623277301e+00	
8.016928000e+02	8.006453263e-01	1.729995792e-01	6.062489123e+00	1.624118202e+00	
8.015488000e+02	7.979903075e-01	1.730201636e-01	6.063916032e+00	1.624919383e+00	
8.014112000e+02	7.954555252e-01	1.730387822e-01	6.065253547e+00	1.625677848e+00	
8.012800000e+02	7.930395362e-01	1.730547074e-01	6.066480728e+00	1.626389199e+00	
8.011552000e+02	7.907405052e-01	1.730669132e-01	6.067568343e+00	1.627047238e+00	
8.010368000e+02	7.885561059e-01	1.730739984e-01	6.068476750e+00	1.627643528e+00	
8.009248000e+02	7.864833813e-01	1.730740881e-01	6.069153273e+00	1.628166813e+00	
8.008192000e+02	7.845185927e-01	1.730647203e-01	6.069529273e+00	1.628602496e+00	
8.007200000e+02	7.826571499e-01	1.730428003e-01	6.069519081e+00	1.628932409e+00	
8.006272000e+02	7.808934793e-01	1.730045078e-01	6.069017797e+00	1.629134507e+00	
8.005408000e+02	7.792210535e-01	1.729453220e-01	6.067902182e+00	1.629183047e+00	
8.004608000e+02	7.776325095e-01	1.728601096e-01	6.066032833e+00	1.629048945e+00	
8.003872000e+02	7.761199013e-01	1.727433037e-01	6.063258245e+00	1.628700295e+00	
8.003200000e+02	7.746752368e-01	1.725892762e-01	6.059423002e+00	1.628103319e+00	
8.002592000e+02	7.732912245e-01	1.723928492e-01	6.054378532e+00	1.627223502e+00	
8.002048000e+02	7.719623464e-01	1.721500466e-01	6.048001493e+00	1.626028866e+00	
8.001568000e+02	7.706861005e-01	1.718589717e-01	6.040216918e+00	1.624495228e+00	
8.001152000e+02	7.694640670e-01	1.715206000e-01	6.031023475e+00	1.622613704e+00	
8.000800000e+02	7.683018106e-01	1.711387183e-01	6.020493064e+00	1.620390595e+00	
8.000512000e+02	7.672048833e-01	1.707167288e-01	6.008650232e+00	1.617803878e+00	
8.000288000e+02	7.661661309e-01	1.702472504e-01	5.995079970e+00	1.614671029e+00	
8.000128000e+02	7.651397811e-01	1.696930565e-01	5.978461293e+00	1.610598545e+00	
8.000032000e+02	7.629248352e-01	1.681292442e-01	5.930004955e+00	1.598361976e+00	
8.000000000e+02	7.628767941e-01	1.681372066e-01	5.930260595e+00	1.598431920e+00	
#	AeroPlanets 1.01
#	Copyright G Gronoff 2009
#	Report bugs : guillaume.gronoff@gmail.com
#
#	Launched :Tue Dec 19 13:01:53 2017
# Planet:Anonymous
# Photoionization used
# Electron impact ionization used
# Electron impact ionization error: -0.13696% (>0 : gain)

